10 10
7.8486 14.4044
4.27416 17.9006
5.72361 22.6859
9.38204 26.0941
13.57 28.8257
15.8201 24.3606
19.8682 21.4258
24.2722 19.0584
27.6824 22.7151
30.5464 26.8135
34.8218 24.221
37.9119 28.1518
42.4879 30.1669
45.5797 26.2374
45.8186 21.2431
50.7302 20.3067
55.5462 21.6504
60.5312 21.2627
60.8609 26.2518
65.8415 25.8119
70.7709 24.9743
73.8566 28.9085
75.0153 33.7724
79.2061 36.4995
83.9292 34.8587
88.916 35.2218
92.5826 38.6213
92.5844 43.6213
97.3353 45.1797
101.914 47.1881
106.353 49.4897
110.555 52.199
114.612 55.1216
118.024 58.7771
120.437 63.1559
124.003 66.6614
127.037 70.6351
128.91 75.2711
132.662 78.5761
135.866 82.4147
139.802 85.4978
143.806 88.4927
148.399 90.4697
152.594 93.1898
156.976 95.598
160.07 99.5253
164.125 102.451
166.831 106.655
166.618 111.651
164.203 116.029
168.211 119.018
166.254 123.619
164.547 128.319
168.513 131.364
168.989 136.341
171.941 140.376
176.035 143.247
179.03 147.251
178.756 152.243
182.436 155.628
186.234 158.88
187.018 163.819
185.683 168.637
184.223 173.419
185.527 178.246
188.308 182.401
184.688 185.851
182.244 190.213
181.09 195.078
181.519 200.059
179.509 204.638
175.979 208.178
172.356 211.625
167.407 212.337
162.58 213.64
158.504 216.535
153.509 216.766
149.111 219.145
148.242 224.069
145.244 228.071
144.621 233.032
139.621 233.07
134.828 234.493
130.402 236.819
126.577 240.039
122.737 243.242
117.817 244.132
113.603 246.823
112.18 251.616
109.984 256.108
109.162 261.04
109.34 266.037
105.952 269.714
105.558 274.699
101.653 277.821
97.8201 281.032
95.9726 285.678
97.9286 290.279
98.4245 295.255
100 300
