100 300 98.4245 295.255 104.341 302.481 96.4313 303.502 
98.4245 295.255 97.9286 290.279 
104.341 302.481 108.914 304.504 
96.4313 303.502 94.0463 307.897 92.1422 300.932 
97.9286 290.279 95.9726 285.678 102.921 290.009 
108.914 304.504 113.098 307.24 110.066 299.638 
94.0463 307.897 96.2531 312.383 
92.1422 300.932 87.1485 301.182 
95.9726 285.678 97.8201 281.032 91.1098 286.841 
102.921 290.009 107.551 291.897 
113.098 307.24 117.724 309.14 115.517 302.864 
110.066 299.638 
96.2531 312.383 95.0043 317.225 101.241 312.736 
87.1485 301.182 82.7958 303.643 88.512 305.993 
97.8201 281.032 101.653 277.821 93.8319 278.016 
91.1098 286.841 86.1731 287.634 88.6764 282.473 
107.551 291.897 111.198 288.477 
117.724 309.14 122.578 310.338 115.915 313.801 
115.517 302.864 116.521 297.966 
95.0043 317.225 95.3874 322.21 
101.241 312.736 106.241 312.761 
82.7958 303.643 79.8155 307.658 
88.512 305.993 86.3447 310.499 
101.653 277.821 105.558 274.699 
93.8319 278.016 89.646 275.281 
86.1731 287.634 81.4538 289.286 
88.6764 282.473 
111.198 288.477 
122.578 310.338 127.418 309.085 
115.915 313.801 112.678 317.612 
116.521 297.966 116.124 292.982 
95.3874 322.21 94.1565 327.056 
106.241 312.761 
79.8155 307.658 77.5973 312.139 
86.3447 310.499 
105.558 274.699 105.952 269.714 107.728 279.204 
89.646 275.281 86.658 271.272 93.3985 271.977 
81.4538 289.286 77.4155 292.234 78.0593 285.615 
127.418 309.085 132.148 307.463 
112.678 317.612 109.772 321.681 
116.124 292.982 
94.1565 327.056 93.1775 331.959 98.6194 329.311 
77.5973 312.139 
105.952 269.714 109.34 266.037 101.598 267.256 
107.728 279.204 
86.658 271.272 83.9832 267.048 
93.3985 271.977 93.1826 266.982 
77.4155 292.234 73.4288 295.252 
78.0593 285.615 73.7958 283.003 80.1058 281.053 
132.148 307.463 134.56 303.083 133.913 312.141 
109.772 321.681 
93.1775 331.959 93.1868 336.959 88.349 330.661 
98.6194 329.311 99.9577 334.128 
109.34 266.037 109.162 261.04 114.206 267.185 
101.598 267.256 
83.9832 267.048 79.8781 269.902 
93.1826 266.982 
73.4288 295.252 69.3193 298.1 76.7385 298.999 
73.7958 283.003 69.8637 279.914 
80.1058 281.053 
134.56 303.083 132.959 298.346 
133.913 312.141 138.827 313.063 132.841 317.025 
93.1868 336.959 91.9149 341.795 
88.349 330.661 85.4043 326.62 84.7711 334.154 
99.9577 334.128 
109.162 261.04 109.984 256.108 
114.206 267.185 118.887 268.941 113.829 272.171 
79.8781 269.902 75.5456 267.407 
69.3193 298.1 65.3979 301.202 
76.7385 298.999 
69.8637 279.914 66.5096 276.206 
132.959 298.346 132.229 293.4 127.96 298.427 
138.827 313.063 143.7 311.943 140.02 317.919 
132.841 317.025 132.048 321.961 
91.9149 341.795 93.4096 346.566 
85.4043 326.62 80.4216 327.035 
84.7711 334.154 80.4575 336.682 
109.984 256.108 112.18 251.616 105.346 254.24 
118.887 268.941 118.932 273.941 123.883 268.736 
113.829 272.171 
75.5456 267.407 72.1359 263.75 
65.3979 301.202 61.6931 304.56 
66.5096 276.206 62.0311 273.983 
132.229 293.4 133.345 288.526 
127.96 298.427 
143.7 311.943 148.684 311.544 144.407 306.994 
140.02 317.919 144.927 318.881 
132.048 321.961 133.688 326.685 127.048 321.963 
93.4096 346.566 96.2783 350.661 89.022 348.964 
80.4216 327.035 79.5207 322.117 76.9035 330.588 
80.4575 336.682 
112.18 251.616 113.603 246.823 
105.346 254.24 102.65 258.451 101.036 251.706 
118.932 273.941 119.727 278.877 
123.883 268.736 
72.1359 263.75 74.1924 259.192 67.6996 266.056 
61.6931 304.56 58.8544 308.676 59.3095 300.164 65.1684 308.154 
62.0311 273.983 57.2645 272.473 
133.345 288.526 138.331 288.904 
148.684 311.544 153.615 312.372 
144.407 306.994 143.477 302.081 
144.927 318.881 146.178 323.722 
133.688 326.685 132.124 331.434 138.438 328.247 
127.048 321.963 
96.2783 350.661 93.7242 354.96 100.693 353.008 
89.022 348.964 
79.5207 322.117 
76.9035 330.588 
113.603 246.823 117.817 244.132 110.697 242.753 
102.65 258.451 97.6542 258.648 
101.036 251.706 97.8776 247.83 
119.727 278.877 124.012 281.453 
74.1924 259.192 73.738 254.213 
67.6996 266.056 
58.8544 308.676 56.5191 313.097 
59.3095 300.164 59.4237 295.166 54.3096 300.146 
65.1684 308.154 70.1676 308.067 
57.2645 272.473 52.449 271.127 55.4647 277.138 
138.331 288.904 142.492 286.133 
153.615 312.372 158.357 313.957 
143.477 302.081 
146.178 323.722 
132.124 331.434 128.183 334.512 134.468 335.85 
138.438 328.247 
93.7242 354.96 93.6426 359.959 
100.693 353.008 102.609 348.39 
117.817 244.132 122.737 243.242 
110.697 242.753 108.12 238.469 
97.6542 258.648 
97.8776 247.83 
124.012 281.453 
73.738 254.213 68.7425 254.001 78.7118 253.701 
56.5191 313.097 52.4631 316.021 59.5868 317.045 
59.4237 295.166 60.3188 290.246 
54.3096 300.146 
70.1676 308.067 
52.449 271.127 49.7312 266.93 
55.4647 277.138 51.3447 279.971 60.0741 279.075 
142.492 286.133 147.492 286.138 143.047 281.164 
158.357 313.957 163.357 314.006 157.646 318.907 
128.183 334.512 123.571 336.443 
134.468 335.85 139.305 337.119 
93.6426 359.959 88.6453 359.795 96.3521 364.161 
102.609 348.39 104.277 343.676 
122.737 243.242 126.577 240.039 
108.12 238.469 106.352 233.792 112.304 235.732 104.273 241.663 
68.7425 254.001 65.5256 257.829 65.3022 250.373 
78.7118 253.701 
52.4631 316.021 48.6915 312.738 51.3 320.884 
59.5868 317.045 
60.3188 290.246 
49.7312 266.93 44.9568 265.445 53.6804 263.864 
51.3447 279.971 46.4207 279.103 49.7343 284.704 
60.0741 279.075 
147.492 286.138 149.979 290.475 152.398 285.172 
143.047 281.164 147.195 278.372 138.618 278.844 
163.357 314.006 167.793 316.312 165.783 309.634 
157.646 318.907 
123.571 336.443 120.649 332.386 121.717 341.087 
139.305 337.119 140.168 342.044 
88.6453 359.795 83.6462 359.699 
96.3521 364.161 96.8406 369.138 
104.277 343.676 108.163 346.822 
126.577 240.039 130.402 236.819 129.529 244.075 
106.352 233.792 103.869 229.452 
112.304 235.732 
104.273 241.663 
65.5256 257.829 
65.3022 250.373 
48.6915 312.738 44.3974 310.177 
51.3 320.884 50.5171 325.822 
44.9568 265.445 40.4336 263.314 
53.6804 263.864 53.0209 258.908 
46.4207 279.103 
49.7343 284.704 45.4381 287.262 
149.979 290.475 
152.398 285.172 
147.195 278.372 
138.618 278.844 139.876 274.005 
167.793 316.312 172.54 317.883 
165.783 309.634 168.047 305.176 
120.649 332.386 116.445 329.679 
121.717 341.087 121.473 346.081 
140.168 342.044 
83.6462 359.699 82.4448 354.846 83.7498 364.698 
96.8406 369.138 94.6736 373.643 
108.163 346.822 
130.402 236.819 134.828 234.493 134.377 239.852 
129.529 244.075 127.184 248.491 
103.869 229.452 103.291 224.486 99.632 232.107 
44.3974 310.177 41.8198 305.892 39.8657 312.29 
50.5171 325.822 49.617 330.74 45.6794 324.558 
40.4336 263.314 41.2426 258.38 38.9279 268.082 
53.0209 258.908 
45.4381 287.262 
139.876 274.005 
172.54 317.883 173.298 322.825 174.448 313.261 
168.047 305.176 166.043 300.596 
116.445 329.679 112.193 332.31 
121.473 346.081 119.198 350.533 
82.4448 354.846 77.522 355.721 
83.7498 364.698 84.0418 369.69 
94.6736 373.643 
134.828 234.493 139.621 233.07 131.832 230.489 
134.377 239.852 
127.184 248.491 
103.291 224.486 100.545 220.307 
99.632 232.107 96.5736 236.063 
41.8198 305.892 37.783 302.942 45.231 302.237 
39.8657 312.29 39.9029 317.29 
49.617 330.74 47.1429 335.085 54.1843 332.775 
45.6794 324.558 
41.2426 258.38 37.4287 255.147 44.0917 254.271 
38.9279 268.082 33.9344 268.337 
173.298 322.825 171.716 327.568 178.139 324.075 
174.448 313.261 179.002 315.326 
166.043 300.596 168.623 296.313 161.515 298.474 
112.193 332.31 114.113 336.927 
119.198 350.533 
77.522 355.721 75.7213 351.056 
84.0418 369.69 83.0255 374.585 
139.621 233.07 144.621 233.032 
131.832 230.489 126.924 231.445 
100.545 220.307 95.7854 218.775 102.589 215.744 
96.5736 236.063 95.3778 240.917 
37.783 302.942 33.0709 301.27 39.8451 298.387 
45.231 302.237 
39.9029 317.29 
47.1429 335.085 42.5285 337.011 
54.1843 332.775 57.8339 329.357 
37.4287 255.147 32.6926 256.75 
44.0917 254.271 48.9896 253.266 
33.9344 268.337 
171.716 327.568 169.269 331.929 176.357 329.429 
178.139 324.075 183.093 323.395 
179.002 315.326 182.001 311.326 
168.623 296.313 171.96 292.589 
161.515 298.474 160.087 293.682 156.894 300.382 
114.113 336.927 
75.7213 351.056 70.9627 352.591 
83.0255 374.585 79.0886 377.667 85.4317 378.968 
144.621 233.032 145.244 228.071 149.392 234.527 
126.924 231.445 122.527 233.824 
95.7854 218.775 93.2443 214.469 92.1879 222.247 
102.589 215.744 107.492 216.722 
95.3778 240.917 91.441 244 
33.0709 301.27 28.8529 298.585 
39.8451 298.387 
42.5285 337.011 42.5474 342.011 37.5931 336.21 
57.8339 329.357 62.447 331.286 
32.6926 256.75 27.7058 257.112 
48.9896 253.266 
169.269 331.929 167.049 336.409 165.29 328.901 
176.357 329.429 
183.093 323.395 186.954 326.572 
182.001 311.326 181.425 306.359 
171.96 292.589 174.183 288.111 
160.087 293.682 
156.894 300.382 
70.9627 352.591 
79.0886 377.667 75.5996 374.086 75.042 380.604 
85.4317 378.968 
145.244 228.071 148.242 224.069 141.035 225.371 
149.392 234.527 153.719 237.033 148.806 239.492 
122.527 233.824 
93.2443 214.469 95.6205 210.069 
92.1879 222.247 91.0348 227.112 
107.492 216.722 112.468 217.22 
91.441 244 
28.8529 298.585 23.8693 298.181 
42.5474 342.011 45.6363 345.942 
37.5931 336.21 33.3681 333.536 38.5961 331.312 
62.447 331.286 66.0012 327.769 
27.7058 257.112 23.4173 254.541 26.9986 262.062 
167.049 336.409 164.477 340.697 162.572 334.183 170.549 339.979 
165.29 328.901 165.074 323.906 
186.954 326.572 191.952 326.439 
181.425 306.359 177.196 303.691 
174.183 288.111 178.444 285.495 170.008 285.361 177.74 291.625 
75.5996 374.086 74.6144 369.184 
75.042 380.604 70.5108 378.49 
148.242 224.069 149.111 219.145 
141.035 225.371 137.803 221.556 
153.719 237.033 154.643 241.947 158.708 236.698 
148.806 239.492 146.818 244.08 
95.6205 210.069 92.1441 206.476 100.261 208.208 
91.0348 227.112 
112.468 217.22 116.554 220.101 
23.8693 298.181 22.278 302.921 24.7867 293.265 
45.6363 345.942 43.7537 350.574 50.2525 347.864 
33.3681 333.536 29.0331 331.044 
38.5961 331.312 
66.0012 327.769 67.7146 323.071 
23.4173 254.541 21.1539 250.083 
26.9986 262.062 23.7502 265.863 
164.477 340.697 162.312 345.203 
162.572 334.183 157.88 332.454 
170.549 339.979 
165.074 323.906 
191.952 326.439 196.95 326.592 191.805 331.437 
177.196 303.691 179.943 299.513 
178.444 285.495 183.444 285.547 
170.008 285.361 171.809 280.697 
177.74 291.625 
74.6144 369.184 
70.5108 378.49 67.5614 374.453 66.525 381.509 
149.111 219.145 153.509 216.766 146.883 214.669 
137.803 221.556 132.965 220.293 
154.643 241.947 
158.708 236.698 163.058 239.162 
146.818 244.08 148.132 248.904 
92.1441 206.476 90.0969 201.914 
100.261 208.208 105.261 208.215 101.613 203.395 
116.554 220.101 120.019 216.496 
22.278 302.921 17.2949 303.332 
24.7867 293.265 24.2625 288.293 
43.7537 350.574 41.0442 354.777 
50.2525 347.864 54.3392 350.744 
29.0331 331.044 24.0451 330.698 
67.7146 323.071 
21.1539 250.083 17.0081 252.878 25.7934 248.219 
23.7502 265.863 
162.312 345.203 162.588 350.196 
157.88 332.454 158.382 337.429 155.538 328.036 
196.95 326.592 201.95 326.565 196.735 321.597 
191.805 331.437 191.844 336.437 
179.943 299.513 
183.444 285.547 184.639 290.402 187.931 283.341 
171.809 280.697 166.811 280.84 
67.5614 374.453 
66.525 381.509 63.4767 385.473 
153.509 216.766 158.504 216.535 152.585 211.852 
146.883 214.669 144.997 210.038 
132.965 220.293 135.807 216.179 128.35 222.217 
163.058 239.162 168.058 239.118 
148.132 248.904 152.73 250.866 143.257 250.016 
90.0969 201.914 94.2417 199.117 
105.261 208.215 109.131 205.048 
101.613 203.395 
120.019 216.496 
17.2949 303.332 14.3763 299.272 17.4805 308.328 
24.2625 288.293 24.6729 283.31 
41.0442 354.777 37.097 357.846 37.2146 351.562 
54.3392 350.744 58.5326 348.021 54.6651 355.734 
24.0451 330.698 25.8749 326.045 22.3512 335.403 
17.0081 252.878 12.071 253.669 
25.7934 248.219 
162.588 350.196 158.183 352.561 167.496 349.242 
158.382 337.429 154.864 340.982 
155.538 328.036 
201.95 326.565 206.767 327.904 
196.735 321.597 195.64 316.718 
191.844 336.437 191.46 341.422 186.87 335.923 
184.639 290.402 
187.931 283.341 191.696 280.051 184.468 279.733 
166.811 280.84 168.702 276.211 
63.4767 385.473 
158.504 216.535 162.58 213.64 160.313 221.196 
152.585 211.852 155.561 207.834 
144.997 210.038 147.529 205.726 
135.807 216.179 
128.35 222.217 
168.058 239.118 170.907 243.226 168.944 234.197 
152.73 250.866 149.866 254.965 
143.257 250.016 139.195 252.931 
94.2417 199.117 91.4348 194.979 
109.131 205.048 112.9 201.763 
14.3763 299.272 9.39222 298.874 
17.4805 308.328 
24.6729 283.31 23.2583 278.514 29.6588 283.686 
37.097 357.846 37.3233 362.841 32.1751 356.966 
37.2146 351.562 35.6484 346.814 
58.5326 348.021 63.441 347.069 58.7891 343.028 
54.6651 355.734 57.9268 359.523 
25.8749 326.045 21.475 323.67 27.4563 321.302 
22.3512 335.403 
12.071 253.669 9.18979 257.755 8.42004 250.252 
158.183 352.561 154.928 356.356 153.891 349.995 
167.496 349.242 
154.864 340.982 
206.767 327.904 208.494 332.596 208.998 323.429 
195.64 316.718 
191.46 341.422 192.141 346.376 186.561 342.419 196.415 340.749 
186.87 335.923 182.031 334.667 
191.696 280.051 196.595 279.048 
184.468 279.733 
168.702 276.211 164.572 273.392 
162.58 213.64 167.407 212.337 
160.313 221.196 165.313 221.147 157.691 225.454 
155.561 207.834 
147.529 205.726 146.019 200.96 
170.907 243.226 174.766 246.405 167.252 246.638 
168.944 234.197 
149.866 254.965 147.712 259.477 154.021 257.745 
139.195 252.931 
91.4348 194.979 89.3001 190.458 86.452 195.394 
112.9 201.763 117.818 202.665 
9.39222 298.874 4.4112 298.438 
23.2583 278.514 18.5064 276.959 19.7194 282.046 
29.6588 283.686 34.379 282.037 
37.3233 362.841 35.6507 367.553 42.3231 362.878 
32.1751 356.966 27.3386 355.698 
35.6484 346.814 
63.441 347.069 
58.7891 343.028 62.8601 340.125 
57.9268 359.523 
21.475 323.67 16.4766 323.794 20.8597 318.708 
27.4563 321.302 
9.18979 257.755 4.2211 257.196 12.1861 261.758 
8.42004 250.252 3.90537 248.103 
154.928 356.356 150.4 358.477 158.752 359.577 
153.891 349.995 
208.494 332.596 211.925 336.234 
208.998 323.429 210.646 318.709 
192.141 346.376 
186.561 342.419 181.636 343.285 
196.415 340.749 197.6 345.607 
182.031 334.667 
196.595 279.048 
164.572 273.392 
167.407 212.337 172.356 211.625 
165.313 221.147 
157.691 225.454 
146.019 200.96 141.114 199.989 148.776 196.789 
174.766 246.405 176.925 250.915 178.406 242.977 
167.252 246.638 
147.712 259.477 142.729 259.894 151.256 263.003 
154.021 257.745 158.992 258.288 
89.3001 190.458 87.5064 185.791 93.6897 188.064 
86.452 195.394 81.4907 196.015 
117.818 202.665 
4.4112 298.438 4.07018 293.45 2.92135 303.211 
18.5064 276.959 
19.7194 282.046 
34.379 282.037 38.3597 285.062 
35.6507 367.553 30.9316 369.205 38.1009 371.911 
42.3231 362.878 
27.3386 355.698 24.0201 351.958 22.844 357.888 
62.8601 340.125 67.8416 340.554 
16.4766 323.794 13.2219 319.998 16.114 328.78 
20.8597 318.708 
4.2211 257.196 
12.1861 261.758 
3.90537 248.103 
150.4 358.477 145.408 358.771 
158.752 359.577 163.085 362.072 
211.925 336.234 216.793 337.375 210.351 340.979 214.153 331.758 
210.646 318.709 209.189 313.926 
181.636 343.285 179.655 347.876 176.739 342.277 
197.6 345.607 195.868 350.297 
172.356 211.625 175.979 208.178 174.456 216.163 170.084 207.171 
141.114 199.989 138.471 195.745 137.673 203.615 
148.776 196.789 153.774 196.918 
176.925 250.915 181.455 248.799 176.626 255.906 
178.406 242.977 
142.729 259.894 
151.256 263.003 155.64 265.408 
158.992 258.288 
87.5064 185.791 85.4529 181.232 
93.6897 188.064 97.3517 184.66 
81.4907 196.015 77.3317 193.24 
4.07018 293.45 4.39278 288.46 
2.92135 303.211 6.68367 306.504 
38.3597 285.062 
30.9316 369.205 25.932 369.134 
38.1009 371.911 37.3427 376.853 43.0999 372.01 
24.0201 351.958 19.142 350.86 28.5923 349.934 
22.844 357.888 
67.8416 340.554 
13.2219 319.998 
16.114 328.78 
145.408 358.771 141.02 361.168 
163.085 362.072 163.357 367.064 167.323 359.419 
216.793 337.375 221.302 335.215 219.036 341.844 
210.351 340.979 205.395 341.645 213.482 344.877 
214.153 331.758 
209.189 313.926 208.74 308.946 204.197 314.207 214.036 312.7 
179.655 347.876 181.614 352.477 
176.739 342.277 
195.868 350.297 
175.979 208.178 179.509 204.638 
174.456 216.163 177.79 219.889 
170.084 207.171 166.287 203.918 
138.471 195.745 139.841 190.936 133.797 193.968 
137.673 203.615 133.277 205.998 
153.774 196.918 
181.455 248.799 183.788 253.222 184.888 245.163 
176.626 255.906 172.099 258.029 
155.64 265.408 
85.4529 181.232 82.5087 177.191 
97.3517 184.66 100.517 180.789 100.846 188.236 
77.3317 193.24 
4.39278 288.46 6.0067 283.728 
6.68367 306.504 4.45753 310.981 
25.932 369.134 23.682 373.599 25.3947 364.163 
37.3427 376.853 41.8003 379.118 
43.0999 372.01 
19.142 350.86 15.7263 347.209 
28.5923 349.934 
141.02 361.168 137.985 365.141 138.696 356.741 
163.357 367.064 167.053 370.431 159.653 370.423 
167.323 359.419 
221.302 335.215 226.298 335.015 
219.036 341.844 220.558 346.607 
205.395 341.645 
213.482 344.877 
208.74 308.946 207.803 304.035 
204.197 314.207 
214.036 312.7 
181.614 352.477 186.579 351.891 176.769 353.712 
179.509 204.638 184.066 206.694 181.519 200.059 
177.79 219.889 178.272 224.866 
166.287 203.918 165.08 199.066 
139.841 190.936 138.669 186.075 
133.797 193.968 128.797 193.945 
133.277 205.998 
183.788 253.222 186.425 257.47 
184.888 245.163 186.285 240.363 
172.099 258.029 168.42 261.416 169.041 254.073 
82.5087 177.191 77.889 175.278 85.2108 172.984 
100.517 180.789 105.459 181.553 101.583 175.904 
100.846 188.236 105.642 189.649 
6.0067 283.728 9.65684 280.311 
4.45753 310.981 
23.682 373.599 19.9905 376.972 27.0063 377.334 
25.3947 364.163 
41.8003 379.118 45.2436 382.744 
15.7263 347.209 10.8109 346.293 
137.985 365.141 135.611 369.542 
138.696 356.741 136.462 352.268 
167.053 370.431 164.464 374.708 171.966 369.501 
159.653 370.423 
226.298 335.015 230.342 332.075 
220.558 346.607 218.242 351.038 225.504 345.879 
207.803 304.035 211.488 300.655 202.843 304.667 
186.579 351.891 
176.769 353.712 
184.066 206.694 188.841 205.209 
181.519 200.059 181.09 195.078 
178.272 224.866 183.272 224.863 180.408 229.386 
165.08 199.066 
138.669 186.075 139.59 181.161 
128.797 193.945 123.853 193.197 
186.425 257.47 190.017 253.991 
186.285 240.363 190.81 242.488 
168.42 261.416 
169.041 254.073 
77.889 175.278 76.5255 170.468 74.7128 179.14 
85.2108 172.984 89.0311 176.21 85.0117 167.988 
105.459 181.553 
101.583 175.904 104.799 172.076 
105.642 189.649 110.558 188.738 106.663 194.543 
9.65684 280.311 12.304 276.069 
19.9905 376.972 15.6392 379.435 16.9106 373.033 
27.0063 377.334 30.3635 381.04 
45.2436 382.744 50.2139 383.287 
10.8109 346.293 9.80183 341.396 5.8195 346.587 
135.611 369.542 130.921 371.274 137.497 374.172 
136.462 352.268 
164.464 374.708 164.43 379.708 
171.966 369.501 
230.342 332.075 234.835 334.269 232.297 327.473 
218.242 351.038 213.53 352.712 218.604 356.025 
225.504 345.879 
211.488 300.655 216.077 298.671 209.132 296.245 
202.843 304.667 197.906 303.875 
188.841 205.209 193.632 206.637 
181.09 195.078 182.244 190.213 176.164 194.224 
183.272 224.863 187.525 227.491 186.669 221.194 
180.408 229.386 
139.59 181.161 144.048 178.897 
123.853 193.197 
190.017 253.991 
190.81 242.488 
76.5255 170.468 71.9105 168.544 
74.7128 179.14 71.7905 183.197 70.0104 177.44 
89.0311 176.21 93.5266 178.398 
85.0117 167.988 83.7796 163.142 
104.799 172.076 109.781 171.647 100.801 169.073 
110.558 188.738 113.913 185.03 
106.663 194.543 
12.304 276.069 
15.6392 379.435 16.6731 384.327 
16.9106 373.033 12.0519 371.853 20.0096 369.109 
30.3635 381.04 
50.2139 383.287 50.5314 388.277 52.4879 378.834 
9.80183 341.396 7.55624 336.929 
5.8195 346.587 
130.921 371.274 130.29 376.234 126.11 369.911 
137.497 374.172 138.232 379.118 142.496 374.281 
164.43 379.708 168.547 382.546 159.449 379.278 
234.835 334.269 235.533 339.22 
232.297 327.473 235.915 324.021 228.555 324.156 
213.53 352.712 211.62 357.332 209.219 350.179 
218.604 356.025 219.853 360.866 
216.077 298.671 218.813 294.486 
209.132 296.245 204.621 294.089 
197.906 303.875 193.167 305.468 
193.632 206.637 198.305 208.416 193.809 211.633 
182.244 190.213 184.688 185.851 186.495 192.845 177.937 187.673 
176.164 194.224 171.42 192.644 175.168 199.124 
187.525 227.491 
186.669 221.194 185.424 216.351 
144.048 178.897 146.175 174.372 
71.9105 168.544 70.3702 163.787 
71.7905 183.197 67.6054 185.933 74.927 187.091 
70.0104 177.44 
93.5266 178.398 
83.7796 163.142 79.438 160.662 
109.781 171.647 109.889 166.648 114.693 172.582 
100.801 169.073 
113.913 185.03 
16.6731 384.327 11.6739 384.415 19.4704 388.471 
12.0519 371.853 9.85249 367.362 
20.0096 369.109 
50.5314 388.277 47.0037 391.82 55.0994 390.31 
52.4879 378.834 55.3546 374.738 
7.55624 336.929 12.2973 335.341 
130.29 376.234 127.134 380.113 
126.11 369.911 121.222 370.96 125.598 364.937 
138.232 379.118 138.438 384.114 
142.496 374.281 145.956 370.671 
168.547 382.546 169.422 387.469 172.907 380.098 
159.449 379.278 
235.533 339.22 240.176 341.076 
235.915 324.021 239.721 327.263 
228.555 324.156 229.027 319.178 223.919 322.283 
211.62 357.332 210.478 362.2 
209.219 350.179 204.278 350.947 
219.853 360.866 
218.813 294.486 223.579 292.974 
204.621 294.089 207.307 289.871 201.12 297.658 200.495 291.265 
193.167 305.468 190.535 301.217 
198.305 208.416 203.293 208.074 
193.809 211.633 
184.688 185.851 188.308 182.401 
186.495 192.845 191.484 192.511 187.819 197.667 
177.937 187.673 
171.42 192.644 166.428 192.365 170.532 187.724 
175.168 199.124 
185.424 216.351 
146.175 174.372 
70.3702 163.787 67.8031 159.496 
67.6054 185.933 65.9574 190.653 64.6304 181.914 
74.927 187.091 
79.438 160.662 
109.889 166.648 110.491 161.684 
114.693 172.582 119.327 170.706 111.977 176.78 
11.6739 384.415 10.2176 389.198 
19.4704 388.471 23.0911 391.919 
9.85249 367.362 12.2209 362.959 5.25968 369.339 
47.0037 391.82 42.841 389.051 43.709 395.581 
55.0994 390.31 59.9525 391.513 53.822 395.144 
55.3546 374.738 57.7283 370.337 
12.2973 335.341 
127.134 380.113 126.664 385.091 122.151 379.701 
121.222 370.96 118.214 374.954 
125.598 364.937 129.486 361.794 
138.438 384.114 142.263 387.334 134.712 387.447 
145.956 370.671 149.855 373.802 
169.422 387.469 165.736 390.847 174.411 387.794 
172.907 380.098 
240.176 341.076 244.858 339.322 238.858 345.899 
239.721 327.263 
229.027 319.178 230.51 314.403 
223.919 322.283 
210.478 362.2 209.38 367.078 
204.278 350.947 
223.579 292.974 
207.307 289.871 
201.12 297.658 
200.495 291.265 
190.535 301.217 
203.293 208.074 207.041 211.384 200.906 203.681 
188.308 182.401 185.527 178.246 
191.484 192.511 196.479 192.281 
187.819 197.667 
166.428 192.365 
170.532 187.724 
67.8031 159.496 65.7642 154.931 63.327 161.724 
65.9574 190.653 67.1893 195.499 
64.6304 181.914 59.7788 180.705 
110.491 161.684 106.912 158.193 115.437 162.418 
119.327 170.706 119.636 175.696 124.301 171.218 
111.977 176.78 
10.2176 389.198 7.06091 393.076 
23.0911 391.919 23.9081 396.852 
12.2209 362.959 7.85607 360.52 
5.25968 369.339 3.38612 373.974 
42.841 389.051 
43.709 395.581 
59.9525 391.513 62.689 395.698 
53.822 395.144 
57.7283 370.337 
126.664 385.091 125.643 389.985 
122.151 379.701 117.362 381.138 
118.214 374.954 114.709 371.389 
129.486 361.794 128.473 356.898 
142.263 387.334 139.693 391.622 146.881 385.416 
134.712 387.447 
149.855 373.802 
165.736 390.847 161.124 388.917 165.517 395.843 
174.411 387.794 
244.858 339.322 249.671 337.967 
238.858 345.899 238.92 350.899 
230.51 314.403 233.125 310.142 225.715 312.984 
209.38 367.078 205.53 370.268 213.765 369.481 
207.041 211.384 206.799 216.379 210.755 208.037 
200.906 203.681 205.611 201.988 
185.527 178.246 184.223 173.419 190.168 176.385 181.736 181.507 
196.479 192.281 199.062 188.001 196.509 197.281 
65.7642 154.931 63.0995 150.7 70.0747 152.397 
63.327 161.724 59.7267 165.194 
67.1893 195.499 71.968 196.97 64.0042 199.353 
59.7788 180.705 
106.912 158.193 103.897 154.204 
115.437 162.418 
119.636 175.696 122.836 179.538 
124.301 171.218 
7.06091 393.076 
23.9081 396.852 
7.85607 360.52 
3.38612 373.974 
62.689 395.698 67.6821 395.96 
125.643 389.985 128.541 394.06 
117.362 381.138 
114.709 371.389 109.716 371.118 114.179 366.417 
128.473 356.898 
139.693 391.622 140.022 396.611 
146.881 385.416 
161.124 388.917 
165.517 395.843 170.492 395.339 
249.671 337.967 253.332 341.372 246.553 334.059 
238.92 350.899 241.264 355.316 243.72 349.499 
233.125 310.142 238.083 310.785 
225.715 312.984 224.539 308.124 
205.53 370.268 200.659 369.141 
213.765 369.481 
206.799 216.379 211.356 218.437 
210.755 208.037 
205.611 201.988 204.643 197.082 
184.223 173.419 185.683 168.637 179.319 172.445 
190.168 176.385 193.479 172.639 
181.736 181.507 
199.062 188.001 203.91 186.777 198.725 183.012 
196.509 197.281 
63.0995 150.7 58.1173 151.121 
70.0747 152.397 74.7761 150.695 
59.7267 165.194 55.5979 168.014 
71.968 196.97 
64.0042 199.353 59.146 198.171 
103.897 154.204 98.9911 155.169 108.088 151.477 
122.836 179.538 127.82 179.928 
67.6821 395.96 
128.541 394.06 
109.716 371.118 105.924 374.376 
114.179 366.417 110.455 363.08 
140.022 396.611 
170.492 395.339 
253.332 341.372 257.964 343.255 
246.553 334.059 
241.264 355.316 236.98 357.894 
243.72 349.499 248.136 347.154 
238.083 310.785 236.947 305.916 
224.539 308.124 
200.659 369.141 198.671 373.729 201.243 364.175 
211.356 218.437 216.237 219.518 209.898 223.22 
204.643 197.082 
185.683 168.637 187.018 163.819 
179.319 172.445 174.373 173.18 178.707 177.408 
193.479 172.639 197.439 175.692 
203.91 186.777 208.809 185.776 
198.725 183.012 
58.1173 151.121 53.1952 150.242 58.3395 156.116 
74.7761 150.695 
55.5979 168.014 52.6949 172.085 53.235 163.607 59.3685 171.298 
59.146 198.171 
98.9911 155.169 95.7289 158.959 96.9313 150.613 
108.088 151.477 112.882 150.056 
127.82 179.928 
105.924 374.376 104.994 379.289 
110.455 363.08 
257.964 343.255 262.726 344.78 258.607 338.296 
236.98 357.894 237.632 362.851 232.066 358.82 
248.136 347.154 248.936 352.089 
236.947 305.916 239.398 301.558 
198.671 373.729 196.695 378.322 193.903 372.223 
201.243 364.175 
216.237 219.518 221.225 219.862 
209.898 223.22 204.898 223.245 
187.018 163.819 186.234 158.88 
174.373 173.18 170.452 176.283 173.404 168.275 
178.707 177.408 
197.439 175.692 
208.809 185.776 212.837 188.738 
53.1952 150.242 48.3283 151.388 
58.3395 156.116 
52.6949 172.085 48.5758 174.919 
53.235 163.607 
59.3685 171.298 
95.7289 158.959 
96.9313 150.613 92.0559 151.723 
112.882 150.056 115.939 154.012 
104.994 379.289 104.251 384.234 
262.726 344.78 267.381 346.606 
258.607 338.296 260.507 333.672 
237.632 362.851 241.278 366.273 
232.066 358.82 229.395 363.047 227.8 356.213 
248.936 352.089 
239.398 301.558 244.397 301.651 234.427 301.021 
196.695 378.322 197.093 383.306 
193.903 372.223 194.23 367.234 
221.225 219.862 225.75 221.989 220.854 214.876 
204.898 223.245 201.643 227.041 201.141 219.946 
186.234 158.88 189.902 155.483 182.436 155.628 
170.452 176.283 165.689 177.804 
173.404 168.275 
212.837 188.738 215.384 184.435 
48.3283 151.388 43.3947 150.576 
48.5758 174.919 43.8258 176.48 50.9812 179.303 
92.0559 151.723 
115.939 154.012 
104.251 384.234 100.045 386.936 
267.381 346.606 272.38 346.513 267.202 351.602 
260.507 333.672 
241.278 366.273 243.848 370.562 
229.395 363.047 227.44 367.649 
227.8 356.213 
244.397 301.651 244.267 296.653 248.515 304.486 
234.427 301.021 233.688 296.076 229.568 302.202 
197.093 383.306 201.879 381.859 192.526 385.34 199.054 387.905 
194.23 367.234 190.783 363.612 
225.75 221.989 228.978 225.807 227.362 217.256 
220.854 214.876 
201.643 227.041 198.084 230.553 
201.141 219.946 
189.902 155.483 194.86 156.13 191.964 150.928 
182.436 155.628 178.756 152.243 178.73 158.984 
165.689 177.804 162.749 173.76 
215.384 184.435 
43.3947 150.576 
43.8258 176.48 39.1093 174.82 
50.9812 179.303 48.5072 183.648 
100.045 386.936 100.958 391.852 
272.38 346.513 274.301 341.896 276.298 349.619 
267.202 351.602 262.448 353.152 
243.848 370.562 244.113 375.554 248.74 369.528 
227.44 367.649 231.915 369.878 223.425 370.63 
244.267 296.653 249.19 297.528 243.708 291.684 
248.515 304.486 248.756 309.48 
233.688 296.076 230.223 292.471 
229.568 302.202 
201.879 381.859 205.545 385.259 
192.526 385.34 187.874 387.174 
199.054 387.905 
190.783 363.612 190.974 358.616 
228.978 225.807 233.961 225.397 226.933 230.37 
227.362 217.256 230.479 213.346 
198.084 230.553 195.883 235.042 
194.86 156.13 199.347 153.924 197.763 160.201 
191.964 150.928 
178.756 152.243 179.03 147.251 173.809 151.519 
178.73 158.984 173.749 158.546 
162.749 173.76 159.851 177.834 
39.1093 174.82 35.4229 171.443 36.9468 179.329 
48.5072 183.648 53.1738 185.443 45.956 187.948 
100.958 391.852 96.1858 393.345 
274.301 341.896 277.955 338.483 270.908 338.224 
276.298 349.619 281.279 350.058 
262.448 353.152 258.234 355.844 
244.113 375.554 248.018 378.677 
248.74 369.528 
231.915 369.878 
223.425 370.63 225.438 375.207 
249.19 297.528 
243.708 291.684 
248.756 309.48 246.374 313.877 253.527 310.975 
230.223 292.471 
205.545 385.259 
187.874 387.174 189.867 391.76 
190.974 358.616 
233.961 225.397 238.95 225.735 
226.933 230.37 225.211 235.064 
230.479 213.346 231.735 208.507 226.409 210.442 
195.883 235.042 
199.347 153.924 204.218 152.794 
197.763 160.201 
179.03 147.251 176.035 143.247 182.736 143.894 
173.809 151.519 
173.749 158.546 169.73 161.521 
159.851 177.834 156.677 181.698 
35.4229 171.443 30.4321 171.747 39.5402 168.606 
36.9468 179.329 33.0459 182.456 
53.1738 185.443 
45.956 187.948 
96.1858 393.345 91.2117 392.837 
277.955 338.483 279.473 333.719 
270.908 338.224 273.338 333.854 265.949 337.588 
281.279 350.058 285.826 352.137 284.464 346.204 
258.234 355.844 
248.018 378.677 245.531 383.014 252.829 380.041 
225.438 375.207 221 377.51 
246.374 313.877 
253.527 310.975 
189.867 391.76 
238.95 225.735 243.848 224.729 240.253 230.562 
225.211 235.064 223.856 239.877 220.852 232.614 
231.735 208.507 234.273 204.198 
226.409 210.442 
204.218 152.794 209.014 154.207 
176.035 143.247 171.941 140.376 
182.736 143.894 185.298 139.6 
169.73 161.521 167.159 157.233 
156.677 181.698 156.816 186.696 
30.4321 171.747 25.9638 169.503 
39.5402 168.606 43.736 165.886 
33.0459 182.456 34.6169 187.203 
91.2117 392.837 86.626 394.83 
279.473 333.719 283.252 330.445 
273.338 333.854 269.509 330.639 
265.949 337.588 
285.826 352.137 290.793 352.715 282.081 355.45 
284.464 346.204 288.229 342.914 
245.531 383.014 248.392 387.114 240.563 382.441 
252.829 380.041 
221 377.51 219.644 382.322 
243.848 224.729 248.694 225.961 
240.253 230.562 240.23 235.562 
223.856 239.877 223.451 244.861 219.135 238.229 
220.852 232.614 
234.273 204.198 231.639 199.948 238.828 206.259 
209.014 154.207 211.072 149.651 210.109 159.086 
171.941 140.376 168.989 136.341 
185.298 139.6 
167.159 157.233 162.226 158.048 
156.816 186.696 
25.9638 169.503 24.4145 164.749 22.8619 173.425 
43.736 165.886 40.2576 162.295 
34.6169 187.203 31.4809 191.097 
86.626 394.83 
283.252 330.445 286.207 326.412 
269.509 330.639 267.186 326.212 
290.793 352.715 289.813 357.618 295.118 350.206 
282.081 355.45 277.196 356.513 281.663 360.432 
288.229 342.914 
248.392 387.114 253.341 387.826 248.893 392.089 
240.563 382.441 
219.644 382.322 221.361 387.018 
248.694 225.961 251.442 221.783 252.861 228.723 
240.23 235.562 240.157 240.562 235.377 236.765 
223.451 244.861 221.172 249.311 226.664 248.692 
219.135 238.229 
231.639 199.948 235.126 196.364 226.787 198.744 
238.828 206.259 
211.072 149.651 215.823 151.209 210.227 144.723 
210.109 159.086 211.393 163.918 
168.989 136.341 168.513 131.364 164.631 138.792 
162.226 158.048 160.372 162.692 
24.4145 164.749 21.2306 160.894 
22.8619 173.425 21.8169 178.314 
40.2576 162.295 
31.4809 191.097 28.6877 195.245 27.0793 188.726 34.9564 194.692 
286.207 326.412 289.984 323.136 282.715 322.832 
267.186 326.212 263.032 323.429 
289.813 357.618 293.464 361.034 
295.118 350.206 299.271 347.423 
277.196 356.513 273.242 359.573 
281.663 360.432 278.374 364.198 
253.341 387.826 257.99 389.667 
248.893 392.089 244.173 393.738 
221.361 387.018 224.802 390.646 
251.442 221.783 256.114 220.004 247.493 218.716 
252.861 228.723 252.855 233.723 
240.157 240.562 237.009 244.446 
235.377 236.765 
221.172 249.311 216.172 249.223 223.395 253.789 
226.664 248.692 231.494 249.984 
235.126 196.364 233.833 191.535 
226.787 198.744 223.974 202.878 
215.823 151.209 220.342 149.069 219.499 154.599 
210.227 144.723 208.205 140.15 
211.393 163.918 213.971 168.203 207.213 166.661 
168.513 131.364 164.547 128.319 
164.631 138.792 159.664 138.22 
160.372 162.692 
21.2306 160.894 18.9819 156.428 16.9342 163.451 
21.8169 178.314 16.8237 178.574 
28.6877 195.245 24.5595 198.066 
27.0793 188.726 
34.9564 194.692 39.3428 197.092 
289.984 323.136 294.719 324.742 
282.715 322.832 278.65 319.922 285.612 318.757 
263.032 323.429 259.097 320.344 265.759 319.239 
293.464 361.034 297.361 364.167 
299.271 347.423 
273.242 359.573 271.624 364.304 
278.374 364.198 277.31 369.084 
257.99 389.667 261.964 386.632 
244.173 393.738 
224.802 390.646 
256.114 220.004 260.719 218.054 253.181 215.955 257.391 224.838 
247.493 218.716 242.787 217.026 
252.855 233.723 252.466 238.708 
237.009 244.446 
216.172 249.223 216.064 244.224 211.653 251.361 
223.395 253.789 222.708 258.742 
231.494 249.984 233.192 254.687 
233.833 191.535 231.858 186.941 
223.974 202.878 219.641 200.383 
220.342 149.069 225.253 150.008 
219.499 154.599 
208.205 140.15 203.318 139.092 
213.971 168.203 218.943 168.731 
207.213 166.661 208.08 171.585 
164.547 128.319 166.254 123.619 160.071 126.091 
159.664 138.22 155.093 140.247 
18.9819 156.428 23.4623 154.209 
16.9342 163.451 11.9404 163.201 
16.8237 178.574 
24.5595 198.066 19.9417 199.983 
39.3428 197.092 43.7718 199.412 36.1379 200.93 
294.719 324.742 299.715 324.539 
278.65 319.922 278.418 314.927 
285.612 318.757 
259.097 320.344 254.226 321.471 258.836 315.35 
265.759 319.239 
297.361 364.167 301.602 366.815 294.143 367.994 
271.624 364.304 266.723 365.298 
277.31 369.084 
261.964 386.632 265.389 390.274 258.99 382.612 
260.719 218.054 265.677 218.698 
253.181 215.955 254.969 211.286 
257.391 224.838 
242.787 217.026 
252.466 238.708 255.832 242.405 
216.064 244.224 211.243 245.553 
211.653 251.361 207.566 254.241 212.554 256.279 
222.708 258.742 226.575 261.911 
233.192 254.687 238 253.316 236.01 258.817 
231.858 186.941 227.887 183.903 236.858 186.892 
219.641 200.383 
225.253 150.008 228.842 146.526 226.182 154.921 
203.318 139.092 204.264 134.182 199.734 142.578 
218.943 168.731 221.512 164.441 217.697 173.573 
208.08 171.585 
166.254 123.619 168.211 119.018 
160.071 126.091 
155.093 140.247 150.136 140.899 
23.4623 154.209 23.3979 149.209 
11.9404 163.201 10.6517 168.032 
19.9417 199.983 17.4012 204.289 18.6287 195.158 
43.7718 199.412 
36.1379 200.93 
299.715 324.539 304.517 325.931 299.288 329.521 299.266 319.56 
278.418 314.927 277.61 309.993 273.432 315.292 
254.226 321.471 249.91 323.996 
258.836 315.35 
301.602 366.815 303.022 371.609 303.918 362.384 
294.143 367.994 292.609 372.753 
266.723 365.298 266.912 370.294 
265.389 390.274 
258.99 382.612 
265.677 218.698 269.663 215.681 268.105 223.069 
254.969 211.286 254.381 206.321 
255.832 242.405 257.292 247.187 260.34 240.243 
211.243 245.553 211.583 240.564 
207.566 254.241 203.779 257.506 
212.554 256.279 211.516 261.17 
226.575 261.911 230.365 265.172 223.07 265.477 
238 253.316 
236.01 258.817 
227.887 183.903 224.693 180.055 231.222 180.178 223.988 187.034 
236.858 186.892 
228.842 146.526 232.293 150.144 231.485 142.282 
226.182 154.921 
204.264 134.182 200.405 131.002 206.693 129.812 
199.734 142.578 194.832 143.562 
221.512 164.441 
217.697 173.573 
168.211 119.018 164.203 116.029 173.211 118.97 
150.136 140.899 145.252 141.972 
23.3979 149.209 19.9446 145.593 28.2689 148.081 
10.6517 168.032 6.0348 169.951 
17.4012 204.289 19.0841 208.998 12.5559 203.055 
18.6287 195.158 17.1011 190.397 
304.517 325.931 308.396 329.086 
299.288 329.521 
299.266 319.56 299.586 314.57 
277.61 309.993 274.712 305.918 
273.432 315.292 
249.91 323.996 
303.022 371.609 306.829 374.851 306.981 368.556 
303.918 362.384 308.77 361.176 
292.609 372.753 290.189 377.128 
266.912 370.294 261.92 370.02 268.886 374.888 
269.663 215.681 274.537 214.564 
268.105 223.069 
254.381 206.321 250.19 203.594 
257.292 247.187 258.858 251.936 262.291 247.308 
260.34 240.243 261.42 235.361 
211.583 240.564 206.608 241.067 
203.779 257.506 200.656 253.601 199.227 259.575 
211.516 261.17 
230.365 265.172 234.634 267.776 
223.07 265.477 220.159 269.543 
224.693 180.055 
231.222 180.178 
223.988 187.034 
232.293 150.144 237.268 150.646 
231.485 142.282 234.607 138.377 
200.405 131.002 196.529 134.16 196.904 127.432 
206.693 129.812 
194.832 143.562 
164.203 116.029 166.618 111.651 159.259 116.775 
173.211 118.97 177.251 121.915 
145.252 141.972 140.409 143.214 143.019 137.498 145.633 146.957 
19.9446 145.593 20.6322 140.641 15.0247 144.701 
28.2689 148.081 33.0328 146.563 
6.0348 169.951 
19.0841 208.998 16.2182 213.095 23.6954 210.93 
12.5559 203.055 10.2537 198.617 
17.1011 190.397 12.5329 188.365 
308.396 329.086 313.096 330.794 306.873 333.849 
299.586 314.57 304.554 314.001 295.393 311.847 
274.712 305.918 270.05 304.112 278.093 302.234 
306.829 374.851 303.509 378.59 311.072 377.496 
306.981 368.556 
308.77 361.176 313.224 358.905 307.195 356.43 
290.189 377.128 293.896 380.484 286.664 380.674 
261.92 370.02 
268.886 374.888 
274.537 214.564 279.537 214.55 271.573 210.537 
250.19 203.594 252.189 199.011 
258.858 251.936 262.755 255.068 254.571 254.508 
262.291 247.308 267.047 245.767 
261.42 235.361 
206.608 241.067 
200.656 253.601 
199.227 259.575 199.304 264.575 
234.634 267.776 238.702 270.682 
220.159 269.543 222.862 273.749 
237.268 150.646 241.702 152.957 
234.607 138.377 238.902 135.816 229.735 137.256 
196.529 134.16 
196.904 127.432 195.639 122.595 191.971 128.247 
166.618 111.651 166.831 106.655 161.878 110.06 
159.259 116.775 154.271 116.44 
177.251 121.915 
140.409 143.214 138.947 147.996 
143.019 137.498 
145.633 146.957 
20.6322 140.641 25.621 140.306 20.3176 135.65 
15.0247 144.701 12.6546 140.299 10.5178 146.867 
33.0328 146.563 36.6094 143.068 
16.2182 213.095 12.0688 215.884 12.0365 210.354 
23.6954 210.93 25.0208 215.752 27.9573 208.316 
10.2537 198.617 
12.5329 188.365 8.28823 191.007 
313.096 330.794 317.518 333.126 
306.873 333.849 303.969 337.919 
304.554 314.001 308.156 310.534 
295.393 311.847 296.045 306.89 
270.05 304.112 265.09 303.48 
278.093 302.234 283.039 301.506 275.099 298.229 
303.509 378.59 304.566 383.477 298.853 376.769 
311.072 377.496 315.406 375.004 312.926 382.14 
313.224 358.905 318.224 358.896 
307.195 356.43 
293.896 380.484 
286.664 380.674 287.93 385.511 
279.537 214.55 284.496 213.907 278.449 209.67 
271.573 210.537 267.473 207.675 
252.189 199.011 253.091 194.093 247.679 196.851 
262.755 255.068 264.777 259.641 
254.571 254.508 249.783 255.949 
267.047 245.767 269.593 241.464 
199.304 264.575 
238.702 270.682 235.489 274.513 
222.862 273.749 222.292 278.716 
241.702 152.957 246.272 154.985 242.587 148.036 
238.902 135.816 242.906 132.822 
229.735 137.256 225.532 134.548 
195.639 122.595 191.898 119.277 
191.971 128.247 
166.831 106.655 164.125 102.451 
161.878 110.06 157.187 108.331 
154.271 116.44 150.144 119.264 150.462 113.2 
138.947 147.996 133.955 147.717 140.172 152.843 
25.621 140.306 29.7935 137.551 
20.3176 135.65 
12.6546 140.299 11.3913 135.461 
10.5178 146.867 12.3537 151.517 
36.6094 143.068 
12.0688 215.884 8.32892 219.203 
12.0365 210.354 7.0405 210.153 
25.0208 215.752 28.0649 219.718 
27.9573 208.316 
8.28823 191.007 5.09756 187.158 
317.518 333.126 322.184 331.329 319.173 337.844 
303.969 337.919 308.123 340.703 
308.156 310.534 307.671 305.557 311.108 314.57 
296.045 306.89 
265.09 303.48 261.441 300.063 265.949 308.406 
283.039 301.506 285.688 305.748 
275.099 298.229 
304.566 383.477 306.073 388.245 300.415 386.265 
298.853 376.769 
315.406 375.004 318.57 371.132 319.272 378.175 
312.926 382.14 
318.224 358.896 
287.93 385.511 285.75 390.011 
284.496 213.907 288.351 217.091 284.922 208.926 
278.449 209.67 
267.473 207.675 262.482 207.976 
253.091 194.093 
247.679 196.851 
264.777 259.641 260.149 261.533 269.746 260.193 
249.783 255.949 248.179 251.213 
269.593 241.464 270.33 236.519 
235.489 274.513 234.605 279.434 
222.292 278.716 217.38 277.779 
246.272 154.985 250.991 156.638 247.742 150.206 
242.587 148.036 240.618 143.44 
242.906 132.822 246.695 129.559 246.256 136.534 
225.532 134.548 223.715 139.206 
191.898 119.277 
164.125 102.451 160.07 99.5253 168.224 99.5877 
157.187 108.331 
150.144 119.264 145.597 121.342 
150.462 113.2 
133.955 147.717 
140.172 152.843 136.436 156.166 145.128 153.499 
29.7935 137.551 
11.3913 135.461 8.61826 131.3 
12.3537 151.517 7.57509 152.989 
8.32892 219.203 5.56907 223.372 
7.0405 210.153 
28.0649 219.718 33.0603 219.505 
5.09756 187.158 
322.184 331.329 323.332 326.462 326.294 334.176 
319.173 337.844 322.57 341.513 
308.123 340.703 
307.671 305.557 312.1 303.237 304.364 301.807 
311.108 314.57 311.721 319.532 
261.441 300.063 264.068 295.809 
265.949 308.406 
285.688 305.748 
306.073 388.245 
300.415 386.265 
318.57 371.132 
319.272 378.175 324.037 379.69 
285.75 390.011 280.894 391.199 
288.351 217.091 292.611 219.709 
284.922 208.926 283.93 204.025 
262.482 207.976 
260.149 261.533 259.348 266.468 
269.746 260.193 274.283 262.296 
248.179 251.213 
270.33 236.519 
234.605 279.434 
217.38 277.779 
250.991 156.638 251.766 161.577 255.974 157.055 
247.742 150.206 252.662 149.312 
240.618 143.44 
246.695 129.559 251.418 127.918 
246.256 136.534 250.759 134.36 
223.715 139.206 
160.07 99.5253 156.976 95.598 
168.224 99.5877 172.305 96.6988 
145.597 121.342 141.343 123.969 147.952 125.752 
136.436 156.166 134.454 160.757 
145.128 153.499 149.88 151.941 
8.61826 131.3 3.86708 132.858 11.3385 127.105 
7.57509 152.989 
5.56907 223.372 8.38088 227.507 1.41434 220.591 
33.0603 219.505 37.4632 221.875 
323.332 326.462 327.882 324.389 318.612 324.814 
326.294 334.176 331.251 333.526 
322.57 341.513 325.847 345.289 319.406 345.384 
312.1 303.237 
304.364 301.807 
311.721 319.532 
264.068 295.809 261.238 291.687 
324.037 379.69 
280.894 391.199 
292.611 219.709 290.716 224.337 297.487 218.604 
283.93 204.025 282.575 199.212 
259.348 266.468 255.002 268.94 
274.283 262.296 274.543 267.289 279.282 262.239 
251.766 161.577 248.641 165.481 
255.974 157.055 260.281 159.594 
252.662 149.312 
251.418 127.918 255.107 124.543 248.776 123.673 
250.759 134.36 254.104 138.076 
156.976 95.598 152.594 93.1898 159.238 91.1392 
172.305 96.6988 171.216 91.819 
141.343 123.969 136.381 124.589 
147.952 125.752 
134.454 160.757 139.324 161.885 
149.88 151.941 154.222 149.462 
3.86708 132.858 2.80607 137.744 
11.3385 127.105 
8.38088 227.507 5.75795 231.764 13.1218 229.095 
1.41434 220.591 
37.4632 221.875 
327.882 324.389 330.191 319.954 
318.612 324.814 
331.251 333.526 
325.847 345.289 326.888 350.179 
319.406 345.384 314.751 347.208 
261.238 291.687 
290.716 224.337 293.782 228.286 285.723 224.073 
297.487 218.604 302.339 219.812 299.935 214.245 
282.575 199.212 286.138 195.704 278.186 196.818 
255.002 268.94 250.895 266.089 252.187 273.073 
274.543 267.289 272.273 271.744 
279.282 262.239 284.279 262.053 
248.641 165.481 243.645 165.677 253.028 167.879 
260.281 159.594 265.279 159.759 
255.107 124.543 257.877 120.38 259.397 127.111 
248.776 123.673 244.984 120.414 
254.104 138.076 256.512 142.458 
152.594 93.1898 148.399 90.4697 150.542 97.7495 
159.238 91.1392 
171.216 91.819 174.102 87.7361 166.945 89.2193 
136.381 124.589 134.472 119.967 131.757 126.491 
139.324 161.885 144.288 161.286 138.469 166.812 
154.222 149.462 155.314 154.341 
2.80607 137.744 
5.75795 231.764 
13.1218 229.095 16.6132 225.516 17.3468 231.769 
330.191 319.954 334.995 318.567 
326.888 350.179 326.604 355.171 330.858 347.14 
314.751 347.208 
293.782 228.286 294.018 233.281 
285.723 224.073 280.724 224.172 
302.339 219.812 307.323 219.413 
299.935 214.245 302.377 209.881 
286.138 195.704 289.727 192.222 
278.186 196.818 276.48 192.118 
250.895 266.089 
252.187 273.073 250.201 277.661 
272.273 271.744 272.448 276.741 
284.279 262.053 
243.645 165.677 241.316 170.101 
253.028 167.879 254.044 172.775 
265.279 159.759 264.772 164.734 270.278 159.824 264.443 154.83 
257.877 120.38 260.107 115.905 
259.397 127.111 263.449 130.041 263.218 123.887 
244.984 120.414 240.358 122.312 
256.512 142.458 
148.399 90.4697 143.806 88.4927 149.253 85.5432 
150.542 97.7495 
174.102 87.7361 178.638 85.6334 170.927 83.873 
166.945 89.2193 
134.472 119.967 135.313 115.039 
131.757 126.491 132.578 131.423 126.76 126.319 
144.288 161.286 
138.469 166.812 
155.314 154.341 
16.6132 225.516 
17.3468 231.769 14.8495 236.101 22.2989 231.078 
334.995 318.567 334.664 313.578 338.645 321.984 
326.604 355.171 
330.858 347.14 
294.018 233.281 290.999 237.266 
280.724 224.172 
307.323 219.413 311.846 217.282 
302.377 209.881 305.439 205.929 
289.727 192.222 287.958 187.546 294.029 189.675 
276.48 192.118 272.917 195.626 275.581 187.199 
250.201 277.661 255 279.066 
272.448 276.741 268.585 279.914 
241.316 170.101 244.836 173.652 236.788 172.223 
254.044 172.775 252.449 177.514 
264.772 164.734 
270.278 159.824 273.723 163.448 
264.443 154.83 
260.107 115.905 256.196 112.791 265.094 116.264 
263.449 130.041 266.893 133.665 
263.218 123.887 
240.358 122.312 
143.806 88.4927 140.927 84.4045 140.173 91.928 
149.253 85.5432 149.379 80.5448 153.999 87.1168 
178.638 85.6334 182.299 82.2275 
170.927 83.873 168.953 79.2795 
135.313 115.039 134 110.214 
132.578 131.423 
126.76 126.319 121.784 125.833 
14.8495 236.101 14.1386 241.05 
22.2989 231.078 
334.664 313.578 330.478 310.843 337.411 309.4 
338.645 321.984 342.019 325.674 
290.999 237.266 286.039 237.895 294.73 240.596 
311.846 217.282 316.844 217.127 312.834 222.184 
305.439 205.929 
287.958 187.546 289.211 182.705 
294.029 189.675 298.896 190.818 
272.917 195.626 
275.581 187.199 
255 279.066 
268.585 279.914 
244.836 173.652 244.986 178.65 
236.788 172.223 
252.449 177.514 
273.723 163.448 
256.196 112.791 257.615 107.996 
265.094 116.264 268.191 112.338 269.644 118.337 
266.893 133.665 271.873 133.212 
140.927 84.4045 136.883 81.4651 
140.173 91.928 136.476 95.2946 
149.379 80.5448 149.366 75.5448 144.387 80.2522 154.235 81.7323 
153.999 87.1168 
182.299 82.2275 184.666 77.8234 186.313 85.2082 
168.953 79.2795 166.892 74.724 
134 110.214 
121.784 125.833 118.354 129.471 118.715 121.885 
14.1386 241.05 
330.478 310.843 325.912 312.881 
337.411 309.4 336.241 304.538 
342.019 325.674 346.433 328.022 
286.039 237.895 281.236 239.285 
294.73 240.596 299.63 241.588 291.686 244.563 
316.844 217.127 321.838 217.369 318.376 221.886 
312.834 222.184 
289.211 182.705 290.805 177.966 
298.896 190.818 298.859 195.818 299.061 185.82 
244.986 178.65 
257.615 107.996 254.729 103.914 
268.191 112.338 273.185 112.079 268.899 107.389 
269.644 118.337 
271.873 133.212 275.33 136.825 275.351 129.62 
136.883 81.4651 132.884 78.463 132.486 83.8469 
136.476 95.2946 137.672 100.149 
149.366 75.5448 150.529 70.6819 
144.387 80.2522 
154.235 81.7323 157.686 78.1137 
184.666 77.8234 183.049 73.0919 
186.313 85.2082 188.312 89.7913 190.975 83.4003 
166.892 74.724 
118.354 129.471 113.427 128.619 
118.715 121.885 114.921 118.629 
325.912 312.881 
336.241 304.538 339.936 301.17 332.865 300.85 
346.433 328.022 349.57 331.916 342.687 331.333 
281.236 239.285 279.08 243.797 276.834 236.915 
299.63 241.588 304.587 242.241 
291.686 244.563 288.248 248.194 
321.838 217.369 326.814 216.88 320.91 212.455 
318.376 221.886 
290.805 177.966 287.598 174.13 
298.859 195.818 301.341 200.158 
299.061 185.82 
254.729 103.914 258.606 100.757 250.243 106.123 
273.185 112.079 278.163 112.545 
268.899 107.389 273.284 104.985 
275.33 136.825 280.115 135.376 271.634 140.192 
275.351 129.62 
132.884 78.463 129.66 74.6414 
132.486 83.8469 
137.672 100.149 142.186 102.302 
150.529 70.6819 150.851 65.6923 145.56 70.1215 
157.686 78.1137 
183.049 73.0919 180.424 68.8369 
188.312 89.7913 192.17 92.9716 185.536 93.9499 
190.975 83.4003 195.854 82.306 
113.427 128.619 
114.921 118.629 119.045 115.803 
339.936 301.17 342.535 296.899 
332.865 300.85 327.886 300.397 
349.57 331.916 354.513 331.163 346.48 335.847 
342.687 331.333 
279.08 243.797 
276.834 236.915 280.465 233.478 
304.587 242.241 304.262 237.252 306.029 247.029 
288.248 248.194 293.051 249.584 
326.814 216.88 328.738 212.265 327.804 221.781 
320.91 212.455 316.276 210.578 
287.598 174.13 288.292 169.179 285.361 178.602 
301.341 200.158 296.848 202.351 
258.606 100.757 261.041 96.3899 263.161 102.818 
250.243 106.123 245.906 103.634 
278.163 112.545 283.061 111.54 278.16 117.545 
273.284 104.985 274.607 100.163 
280.115 135.376 284.751 133.502 281.365 140.218 
271.634 140.192 
129.66 74.6414 125.096 72.5995 
142.186 102.302 
150.851 65.6923 
145.56 70.1215 141.146 67.7734 
180.424 68.8369 176.84 65.3501 184.133 65.4839 175.833 70.8194 
192.17 92.9716 196.704 90.8639 
185.536 93.9499 187.52 98.5393 
195.854 82.306 197.43 77.561 
119.045 115.803 
342.535 296.899 346.788 294.271 346.044 300.46 
327.886 300.397 325.584 295.958 
354.513 331.163 357.738 334.984 356.279 326.486 
346.48 335.847 343.592 339.928 
280.465 233.478 
304.262 237.252 309.221 236.615 303.495 232.311 
306.029 247.029 302.206 250.252 
293.051 249.584 
328.738 212.265 333.526 213.707 328.628 207.266 
327.804 221.781 326.399 226.58 
316.276 210.578 317.533 205.739 
288.292 169.179 
285.361 178.602 280.793 176.568 
296.848 202.351 
261.041 96.3899 265.342 93.8396 256.567 94.1567 
263.161 102.818 
245.906 103.634 244.058 98.9884 249.667 100.34 
283.061 111.54 
278.16 117.545 
274.607 100.163 
284.751 133.502 288.282 129.962 288.696 136.574 
281.365 140.218 280.093 145.053 
125.096 72.5995 122.561 76.9093 121.384 69.2497 
141.146 67.7734 
176.84 65.3501 
184.133 65.4839 189.106 66.0026 
175.833 70.8194 
196.704 90.8639 201.631 90.0152 
187.52 98.5393 192.172 100.373 
197.43 77.561 193.419 74.5751 
346.788 294.271 344.153 290.021 351.776 294.618 
346.044 300.46 
325.584 295.958 322.048 292.423 
357.738 334.984 359.94 339.473 
356.279 326.486 359.3 322.502 351.718 324.437 
343.592 339.928 341.118 344.273 347.189 343.401 
309.221 236.615 
303.495 232.311 
302.206 250.252 304.417 254.737 
333.526 213.707 338.125 215.668 
328.628 207.266 328.557 202.267 
326.399 226.58 328.212 231.24 321.533 227.729 
317.533 205.739 314.564 201.716 
280.793 176.568 
265.342 93.8396 267.175 89.1879 269.959 95.7569 
256.567 94.1567 252.928 90.7282 
244.058 98.9884 239.093 99.576 242.42 94.2646 
249.667 100.34 
288.282 129.962 290.451 125.457 284.3 126.938 
288.696 136.574 293.347 134.74 
280.093 145.053 276.261 148.265 283.366 148.832 
122.561 76.9093 119.671 80.9893 
121.384 69.2497 116.411 68.7326 124.49 65.3315 
189.106 66.0026 194.085 66.4549 
201.631 90.0152 
192.172 100.373 196.371 103.088 190.133 104.938 
193.419 74.5751 
344.153 290.021 341.139 286.032 347.299 286.134 
351.776 294.618 355.306 298.159 
322.048 292.423 321.615 287.442 
359.94 339.473 362.219 343.924 
359.3 322.502 362.06 318.332 
351.718 324.437 349.561 319.926 
341.118 344.273 338.984 348.795 
347.189 343.401 348.14 348.31 
304.417 254.737 299.695 256.38 309.346 253.898 
338.125 215.668 338.997 220.591 341.767 212.242 
328.557 202.267 324.099 200.003 329.131 197.3 333.384 203.573 
328.212 231.24 328.138 236.239 333.113 232.232 
321.533 227.729 
314.564 201.716 
267.175 89.1879 269.092 84.5698 
269.959 95.7569 
252.928 90.7282 247.972 90.0684 253.518 85.7631 
239.093 99.576 235.957 103.471 
242.42 94.2646 
290.451 125.457 294.7 122.821 287.358 121.528 
284.3 126.938 280.642 123.53 
293.347 134.74 
276.261 148.265 
283.366 148.832 287.733 151.268 
119.671 80.9893 118.273 85.79 
116.411 68.7326 112.413 71.7358 
124.49 65.3315 
194.085 66.4549 198.901 65.1092 
196.371 103.088 201.295 102.221 
190.133 104.938 193.264 108.836 
341.139 286.032 337.392 289.342 341.021 281.033 
347.299 286.134 350.997 282.77 
355.306 298.159 360.083 296.684 357.837 302.471 
321.615 287.442 321.028 282.477 
362.219 343.924 361.802 348.906 
362.06 318.332 358.947 314.42 365.407 322.047 
349.561 319.926 347.974 315.185 
338.984 348.795 337.035 353.399 
348.14 348.31 345.958 352.808 
299.695 256.38 
309.346 253.898 
338.997 220.591 342.713 223.937 
341.767 212.242 346.361 210.268 
324.099 200.003 
329.131 197.3 
333.384 203.573 336.025 207.819 
328.138 236.239 329.045 241.156 
333.113 232.232 
269.092 84.5698 270.679 79.8284 273.756 86.3709 
247.972 90.0684 243.705 87.4611 
253.518 85.7631 
235.957 103.471 230.988 104.019 
294.7 122.821 295.954 117.981 298.847 125.613 
287.358 121.528 
280.642 123.53 
287.733 151.268 284.962 155.43 291.221 154.851 
118.273 85.79 114.713 89.3012 
112.413 71.7358 107.577 70.4665 
198.901 65.1092 203.894 65.37 
201.295 102.221 205.107 105.456 
193.264 108.836 
337.392 289.342 333.588 286.097 
341.021 281.033 340.785 276.039 
350.997 282.77 355.697 281.062 
360.083 296.684 
357.837 302.471 
321.028 282.477 322.121 277.597 
361.802 348.906 366.782 349.348 359.448 353.318 
358.947 314.42 363.122 311.669 
365.407 322.047 
347.974 315.185 
337.035 353.399 
345.958 352.808 
342.713 223.937 347.378 225.737 339.413 227.693 
346.361 210.268 349.97 206.807 344.038 205.84 
336.025 207.819 
329.045 241.156 324.094 241.85 332.355 244.904 
270.679 79.8284 275.578 78.8289 269.487 74.9727 
273.756 86.3709 274.319 91.3391 
243.705 87.4611 
230.988 104.019 230.743 109.013 230.388 99.0547 
295.954 117.981 295.406 113.011 
298.847 125.613 303.479 127.498 
284.962 155.43 
291.221 154.851 293.861 159.097 
114.713 89.3012 111.58 93.1977 119.175 91.5589 
107.577 70.4665 102.655 69.5864 109.32 65.7802 
203.894 65.37 206.959 69.3202 
205.107 105.456 205.574 110.434 
333.588 286.097 
340.785 276.039 345.703 275.139 335.799 275.663 
355.697 281.062 360.693 281.246 356.799 276.185 
322.121 277.597 317.215 276.63 322.04 272.598 
366.782 349.348 370.328 345.824 
359.448 353.318 357.381 357.87 
363.122 311.669 365.376 307.206 
347.378 225.737 351.958 227.743 347.216 230.734 349.939 221.443 
339.413 227.693 
349.97 206.807 354.96 206.494 
344.038 205.84 342.21 201.186 
324.094 241.85 319.21 242.923 
332.355 244.904 330.855 249.673 336.947 246.881 
275.578 78.8289 280.14 80.8748 278.03 74.4712 
269.487 74.9727 265.92 71.4688 
274.319 91.3391 
230.743 109.013 228.171 113.3 234.061 112.753 
230.388 99.0547 225.421 98.4831 231.239 94.1277 
295.406 113.011 297.112 108.311 
303.479 127.498 308.136 125.678 
293.861 159.097 
111.58 93.1977 112.17 98.1628 106.74 94.4513 
119.175 91.5589 
102.655 69.5864 99.9995 65.3499 
109.32 65.7802 
206.959 69.3202 210.881 66.2188 
205.574 110.434 210.567 110.69 
345.703 275.139 349.517 271.906 
335.799 275.663 
360.693 281.246 365.133 278.947 
356.799 276.185 
317.215 276.63 312.722 278.823 
322.04 272.598 
370.328 345.824 374.728 348.198 
357.381 357.87 355.539 362.519 362.231 359.086 
365.376 307.206 369.311 310.291 
351.958 227.743 356.511 229.809 
347.216 230.734 347.061 235.732 
349.939 221.443 352.429 217.107 
354.96 206.494 358.692 203.167 
342.21 201.186 337.622 199.199 
319.21 242.923 320.998 247.593 314.722 245.126 
330.855 249.673 330.439 254.656 
336.947 246.881 
280.14 80.8748 282.072 85.4867 
278.03 74.4712 281.909 71.3163 
265.92 71.4688 262.951 67.4459 262.648 75.2496 269.473 67.9513 
228.171 113.3 223.28 112.26 
234.061 112.753 238.987 111.898 
225.421 98.4831 
231.239 94.1277 234.795 90.6119 
297.112 108.311 300.333 104.487 292.134 107.84 
308.136 125.678 310.688 121.379 311.139 129.676 
112.17 98.1628 113.236 103.048 107.555 100.086 
106.74 94.4513 102.589 97.2391 
99.9995 65.3499 99.1168 60.4284 95.3735 67.2474 
210.881 66.2188 213.676 70.3646 
210.567 110.69 
349.517 271.906 351.273 267.224 
365.133 278.947 366.921 274.277 
312.722 278.823 309.084 275.394 311.966 283.766 
374.728 348.198 378.615 345.053 375.109 353.184 
355.539 362.519 352.961 366.803 359.661 365.35 
362.231 359.086 
369.311 310.291 372.308 314.293 
356.511 229.809 359.959 233.43 358.059 225.055 
347.061 235.732 343.683 239.418 
352.429 217.107 
358.692 203.167 362.829 200.359 354.368 200.655 
337.622 199.199 336.205 194.404 
320.998 247.593 320.338 252.549 
314.722 245.126 
330.439 254.656 334.62 257.397 327.271 258.524 
282.072 85.4867 286.077 88.4793 
281.909 71.3163 286.908 71.3765 
262.951 67.4459 258.217 65.8347 
262.648 75.2496 261.797 80.1767 257.727 74.3666 
269.473 67.9513 273.951 70.1767 
223.28 112.26 223.121 117.258 
238.987 111.898 
234.795 90.6119 
300.333 104.487 
292.134 107.84 
310.688 121.379 315.649 122.002 307.119 117.878 
311.139 129.676 314.212 133.62 
113.236 103.048 
107.555 100.086 
102.589 97.2391 98.2046 99.6424 
99.1168 60.4284 98.7424 55.4424 
95.3735 67.2474 90.6466 68.8772 
213.676 70.3646 217.701 67.3976 210.386 74.1295 
351.273 267.224 
366.921 274.277 371.909 273.938 364.134 270.126 
309.084 275.394 304.582 273.219 
311.966 283.766 307.289 285.535 
378.615 345.053 380.232 340.322 
375.109 353.184 378.49 356.867 371.502 356.646 
352.961 366.803 348.664 369.359 354.143 371.661 
359.661 365.35 363.286 368.793 
372.308 314.293 
359.959 233.43 359.791 238.427 364.63 231.644 
358.059 225.055 359.188 220.184 
343.683 239.418 
362.829 200.359 366.183 196.65 365.79 204.388 359.415 196.706 
354.368 200.655 349.381 200.295 
336.205 194.404 339.717 190.844 
320.338 252.549 
334.62 257.397 339.606 257.772 
327.271 258.524 
286.077 88.4793 289.586 92.0411 288.294 83.9973 
286.908 71.3765 289.431 67.0594 
258.217 65.8347 253.38 67.0989 
261.797 80.1767 256.832 80.7645 
257.727 74.3666 
273.951 70.1767 276.193 65.7075 
223.121 117.258 226.162 121.227 219.26 120.434 
315.649 122.002 317.135 117.228 318.114 126.353 
307.119 117.878 306.104 112.982 
314.212 133.62 318.923 135.297 310.698 137.177 
98.2046 99.6424 
98.7424 55.4424 95.8335 51.3757 
90.6466 68.8772 87.9518 73.0889 90.7701 63.8788 
217.701 67.3976 221.008 71.1472 
210.386 74.1295 
371.909 273.938 372.525 278.9 371.662 268.944 
364.134 270.126 362.679 265.343 
304.582 273.219 300.463 270.383 301.456 277.122 
307.289 285.535 
380.232 340.322 382.706 335.977 383.675 343.948 
378.49 356.867 381.109 361.126 
371.502 356.646 373.013 361.413 
348.664 369.359 347.139 374.121 
354.143 371.661 
363.286 368.793 365.929 373.038 
359.791 238.427 357.877 243.046 364.783 238.161 355.08 236.75 
364.63 231.644 369.622 231.366 
359.188 220.184 
366.183 196.65 370.26 193.756 
365.79 204.388 370.194 206.754 
359.415 196.706 357.496 192.089 
349.381 200.295 
339.717 190.844 344.711 190.603 
339.606 257.772 338.964 262.731 
289.586 92.0411 291.147 96.7912 
288.294 83.9973 293.285 84.2915 
289.431 67.0594 
253.38 67.0989 252.106 71.934 
256.832 80.7645 
276.193 65.7075 
226.162 121.227 
219.26 120.434 
317.135 117.228 320.084 113.19 
318.114 126.353 
306.104 112.982 
318.923 135.297 321.117 139.79 323.747 133.982 
310.698 137.177 305.887 138.537 312.45 141.86 
95.8335 51.3757 91.8892 48.3029 98.7577 47.3199 91.9992 54.5847 
87.9518 73.0889 84.0973 76.2737 91.4836 76.628 
90.7701 63.8788 86.8924 60.7223 
221.008 71.1472 224.726 67.8043 219.352 75.865 
372.525 278.9 376.904 281.312 371.277 283.742 
371.662 268.944 376.592 268.114 
362.679 265.343 
300.463 270.383 295.619 271.624 302.979 266.063 
301.456 277.122 
382.706 335.977 383.899 331.121 
383.675 343.948 
381.109 361.126 384.521 364.781 
373.013 361.413 
347.139 374.121 342.146 374.388 350.449 377.869 
365.929 373.038 366.946 377.933 369.133 369.199 
357.877 243.046 360.289 247.426 353.531 245.519 
364.783 238.161 
355.08 236.75 
369.622 231.366 373.981 233.814 368.73 226.446 
370.26 193.756 372.55 189.312 
370.194 206.754 373.81 210.207 374.028 203.544 
357.496 192.089 
344.711 190.603 
338.964 262.731 
291.147 96.7912 295.676 94.6724 
293.285 84.2915 298.097 82.9323 
252.106 71.934 247.256 70.7209 
320.084 113.19 322.435 108.777 
321.117 139.79 325.346 142.458 
323.747 133.982 326.425 129.76 
305.887 138.537 302.99 142.612 304.246 133.814 
312.45 141.86 
91.8892 48.3029 87.6068 45.722 
98.7577 47.3199 95.3854 43.6284 
91.9992 54.5847 
84.0973 76.2737 79.1071 76.5867 82.9397 81.1378 
91.4836 76.628 
86.8924 60.7223 84.4017 56.3869 
224.726 67.8043 
219.352 75.865 220.08 80.8118 
376.904 281.312 381.641 279.712 377.475 286.28 
371.277 283.742 
376.592 268.114 
295.619 271.624 291.16 273.884 
302.979 266.063 
383.899 331.121 379.027 329.998 386.058 326.611 388.71 332.482 
384.521 364.781 385.433 369.698 388.239 361.438 
342.146 374.388 337.179 373.818 343.875 379.08 
350.449 377.869 
366.946 377.933 365.091 382.577 371.805 376.755 
369.133 369.199 374.121 369.546 
360.289 247.426 361.249 252.333 
353.531 245.519 350.659 249.612 
373.981 233.814 377.52 237.347 375.506 229.052 
368.73 226.446 
372.55 189.312 374.165 184.58 376.984 191.623 368.56 186.299 
373.81 210.207 378.808 210.069 371.058 214.381 
374.028 203.544 
295.676 94.6724 297.945 90.2166 
298.097 82.9323 302.827 84.552 301.366 79.1489 
247.256 70.7209 242.589 68.9267 
322.435 108.777 327.414 109.232 319.89 104.473 
325.346 142.458 330.26 143.381 323.475 147.095 
326.425 129.76 
302.99 142.612 304.046 147.499 298.319 140.828 
304.246 133.814 
87.6068 45.722 83.1764 43.4044 
95.3854 43.6284 98.2525 39.5321 
79.1071 76.5867 74.241 75.4373 79.9825 71.6639 
82.9397 81.1378 80.1141 85.2628 87.0882 83.9288 
84.4017 56.3869 
220.08 80.8118 
381.641 279.712 384.309 275.483 386.196 281.774 
377.475 286.28 
291.16 273.884 289.3 278.526 
379.027 329.998 374.684 332.475 
386.058 326.611 388.18 322.084 
388.71 332.482 389.672 337.389 
385.433 369.698 389.583 372.486 
388.239 361.438 385.326 357.374 
337.179 373.818 337.295 378.816 336.18 368.918 
343.875 379.08 345.777 383.704 
365.091 382.577 361.582 379.015 365.925 387.507 
371.805 376.755 
374.121 369.546 
361.249 252.333 
350.659 249.612 
377.52 237.347 378.919 242.147 382.438 236.443 
375.506 229.052 
374.165 184.58 372.703 179.798 378.669 182.41 
376.984 191.623 381.956 191.096 377.934 196.532 
368.56 186.299 
378.808 210.069 383.723 210.992 
371.058 214.381 
297.945 90.2166 
302.827 84.552 307.275 82.2675 
301.366 79.1489 
242.589 68.9267 238.615 65.8924 
327.414 109.232 331.298 106.083 
319.89 104.473 315.337 102.407 
330.26 143.381 333.496 147.192 334.31 140.449 
323.475 147.095 324.167 152.047 318.476 147.057 
304.046 147.499 301.693 151.911 309.04 147.735 
298.319 140.828 
83.1764 43.4044 79.1399 46.3552 84.9896 38.7448 
98.2525 39.5321 
74.241 75.4373 69.9316 77.9728 
79.9825 71.6639 76.3578 68.2198 
80.1141 85.2628 82.0879 89.8567 
87.0882 83.9288 90.9807 87.0671 
384.309 275.483 389.05 273.894 
386.196 281.774 384.106 286.316 
289.3 278.526 285.237 281.441 285.713 275.042 290.765 283.306 
374.684 332.475 
388.18 322.084 393.113 321.268 
389.672 337.389 393.769 334.523 
389.583 372.486 390.858 377.321 393.772 369.756 
385.326 357.374 
337.295 378.816 335.445 383.461 
336.18 368.918 331.623 366.862 
345.777 383.704 
361.582 379.015 
365.925 387.507 363.529 391.895 370.894 388.07 
378.919 242.147 373.922 241.969 383.889 242.695 
382.438 236.443 387.43 236.157 
372.703 179.798 374.053 174.984 
378.669 182.41 383.664 182.186 
381.956 191.096 
377.934 196.532 
383.723 210.992 388.315 212.97 
307.275 82.2675 
238.615 65.8924 236.427 70.3883 
331.298 106.083 331.293 101.083 335.687 108.479 
315.337 102.407 311.093 99.7631 
333.496 147.192 337.625 150.013 
334.31 140.449 339.231 139.564 
324.167 152.047 324.894 156.994 
318.476 147.057 
301.693 151.911 306.014 154.426 
309.04 147.735 
79.1399 46.3552 74.7495 43.9627 75.5811 49.8673 
84.9896 38.7448 89.5543 36.7044 83.0512 34.1358 
69.9316 77.9728 65.8194 80.8171 
76.3578 68.2198 75.8045 63.2505 
82.0879 89.8567 
90.9807 87.0671 92.4899 91.8339 
389.05 273.894 393.893 272.652 
384.106 286.316 
285.237 281.441 
285.713 275.042 282.714 271.041 
290.765 283.306 293.711 287.346 
393.113 321.268 392.825 316.276 
393.769 334.523 395.714 339.13 
390.858 377.321 395.788 378.155 
393.772 369.756 396.886 365.844 
335.445 383.461 332.75 387.673 
331.623 366.862 328.26 370.562 
363.529 391.895 358.581 392.613 
370.894 388.07 
373.922 241.969 373.529 246.953 
383.889 242.695 382.06 247.349 
387.43 236.157 389.489 231.601 
374.053 174.984 375.739 170.277 369.072 174.547 
383.664 182.186 
388.315 212.97 391.31 216.973 392.531 210.283 
236.427 70.3883 232.01 72.7314 
331.293 101.083 332.344 96.1951 326.506 102.527 
335.687 108.479 340.61 109.353 
311.093 99.7631 
337.625 150.013 340.411 154.165 
339.231 139.564 344.059 140.865 
324.894 156.994 320.691 159.702 329.87 156.503 
306.014 154.426 
74.7495 43.9627 69.7517 44.1106 
75.5811 49.8673 
89.5543 36.7044 91.8995 32.2885 
83.0512 34.1358 
65.8194 80.8171 66.9467 85.6884 61.3365 78.6028 
75.8045 63.2505 
92.4899 91.8339 
393.893 272.652 
282.714 271.041 
293.711 287.346 
392.825 316.276 392.174 311.319 
395.714 339.13 
395.788 378.155 393.854 382.766 
396.886 365.844 
332.75 387.673 337.295 389.757 328.23 389.812 
328.26 370.562 
358.581 392.613 
373.529 246.953 369.845 250.333 377.407 250.109 
382.06 247.349 
389.489 231.601 393.156 235.001 393.593 228.745 
375.739 170.277 380.26 168.141 
369.072 174.547 367.823 169.706 364.072 174.526 
391.31 216.973 386.622 218.711 
392.531 210.283 
232.01 72.7314 231.825 77.728 
332.344 96.1951 335.331 92.1854 327.374 95.6481 
326.506 102.527 
340.61 109.353 345.577 109.923 340.541 114.353 
340.411 154.165 342.23 158.822 
344.059 140.865 348.515 143.133 345.576 136.1 
320.691 159.702 319.737 164.61 315.799 158.669 
329.87 156.503 
69.7517 44.1106 66.3161 47.7433 67.9925 39.4303 
91.8995 32.2885 96.204 29.7445 90.1994 27.5865 
66.9467 85.6884 62.7637 88.4275 71.839 84.6566 
61.3365 78.6028 56.3497 78.2406 
392.174 311.319 387.203 310.779 
393.854 382.766 395.028 387.626 
337.295 389.757 341.524 392.423 
328.23 389.812 
369.845 250.333 371.186 255.15 
377.407 250.109 
393.156 235.001 394.855 239.703 
393.593 228.745 
380.26 168.141 384.596 170.633 
367.823 169.706 371.168 165.99 
364.072 174.526 
386.622 218.711 
231.825 77.728 231.712 82.7267 
335.331 92.1854 338.288 88.1535 339.831 94.3658 
327.374 95.6481 325.332 91.0842 
345.577 109.923 350.334 111.465 346.844 105.086 
340.541 114.353 338.462 118.9 
342.23 158.822 339.561 163.05 
348.515 143.133 353.037 140.999 345.975 147.439 
345.576 136.1 348.482 132.032 
319.737 164.61 323.813 167.507 
315.799 158.669 312.297 162.238 318.975 154.808 
66.3161 47.7433 61.4919 49.0575 
67.9925 39.4303 63.1054 38.3736 69.5009 34.6633 
96.204 29.7445 99.1486 25.7036 
90.1994 27.5865 85.4195 26.1192 
62.7637 88.4275 59.4184 92.1435 
71.839 84.6566 71.3222 89.6298 
56.3497 78.2406 51.4287 77.355 
387.203 310.779 385.794 305.982 
395.028 387.626 397.328 392.066 390.594 389.938 
341.524 392.423 346.523 392.506 337.877 395.844 
371.186 255.15 375.279 258.022 
394.855 239.703 398.597 236.387 
384.596 170.633 387.772 166.771 
371.168 165.99 369.447 161.295 374.735 162.486 
231.712 82.7267 
338.288 88.1535 336.634 83.435 343.282 88.4046 
339.831 94.3658 
325.332 91.0842 320.426 90.1191 
350.334 111.465 355.331 111.29 348.296 116.031 
346.844 105.086 345.988 100.16 
338.462 118.9 335.179 122.671 
339.561 163.05 340.971 167.847 
353.037 140.999 357.984 141.724 
345.975 147.439 
348.482 132.032 
323.813 167.507 321.887 172.121 
312.297 162.238 312.838 167.209 
318.975 154.808 
61.4919 49.0575 56.4919 49.0738 
63.1054 38.3736 59.6614 34.7488 
69.5009 34.6633 
99.1486 25.7036 99.5131 20.7169 
85.4195 26.1192 
59.4184 92.1435 54.7653 90.3136 63.2455 95.3612 
71.3222 89.6298 
51.4287 77.355 
385.794 305.982 388.713 301.922 381.313 308.2 
397.328 392.066 
390.594 389.938 385.69 388.965 
346.523 392.506 
337.877 395.844 332.922 396.514 
375.279 258.022 380.243 258.616 
398.597 236.387 
387.772 166.771 392.766 167.017 
369.447 161.295 
374.735 162.486 
336.634 83.435 337.73 78.5565 
343.282 88.4046 347.943 86.5946 
320.426 90.1191 315.792 91.9971 
355.331 111.29 355.628 116.281 358.349 107.304 
348.296 116.031 
345.988 100.16 341.21 101.632 
335.179 122.671 331.334 119.474 
340.971 167.847 345.971 167.803 
357.984 141.724 361.271 137.956 355.795 146.219 
321.887 172.121 325.702 175.353 318.136 175.426 
312.838 167.209 
56.4919 49.0738 51.5299 48.4588 55.8491 54.0323 
59.6614 34.7488 58.6288 29.8566 54.7404 33.864 
99.5131 20.7169 98.486 15.8235 
54.7653 90.3136 50.209 92.3727 51.4493 86.5714 
63.2455 95.3612 67.9361 97.0927 
388.713 301.922 387.942 296.982 
381.313 308.2 380.913 313.184 
385.69 388.965 
332.922 396.514 
380.243 258.616 
392.766 167.017 394.815 171.578 
337.73 78.5565 332.871 77.3809 342.73 78.5408 
347.943 86.5946 351.812 83.428 
315.792 91.9971 
355.628 116.281 357.461 120.933 
358.349 107.304 357.377 102.399 363.209 108.478 
341.21 101.632 
331.334 119.474 
345.971 167.803 350.652 169.56 
361.271 137.956 365.063 141.216 357.755 134.402 
355.795 146.219 354.424 151.028 
325.702 175.353 327.061 180.165 
318.136 175.426 313.296 176.685 
51.5299 48.4588 47.2976 45.7966 
55.8491 54.0323 57.7572 58.6538 
58.6288 29.8566 59.0035 24.8707 
54.7404 33.864 51.638 37.7852 
98.486 15.8235 102.814 13.3198 93.6214 16.9794 
50.209 92.3727 45.2161 92.1065 
51.4493 86.5714 
67.9361 97.0927 72.9353 97.0029 
387.942 296.982 
380.913 313.184 384.237 316.919 
394.815 171.578 396.152 176.396 
332.871 77.3809 333.318 72.4009 
342.73 78.5408 
351.812 83.428 
357.461 120.933 352.993 123.178 361.451 123.946 
357.377 102.399 356.877 97.4243 
363.209 108.478 366.566 112.184 
350.652 169.56 348.955 174.264 355.262 167.623 
365.063 141.216 365.796 146.162 369.783 139.568 
357.755 134.402 
354.424 151.028 
327.061 180.165 331.6 178.068 
313.296 176.685 309.658 180.114 
47.2976 45.7966 42.6287 44.0073 
57.7572 58.6538 54.8454 62.7185 62.0495 61.2182 
59.0035 24.8707 58.9723 19.8708 63.5851 22.8683 
51.638 37.7852 
102.814 13.3198 107.79 12.8327 99.134 9.93496 
93.6214 16.9794 91.197 12.6065 
45.2161 92.1065 40.4405 90.6251 44.3694 97.0343 
72.9353 97.0029 74.5067 101.75 
384.237 316.919 
396.152 176.396 
333.318 72.4009 337.223 69.2782 328.765 70.3346 
352.993 123.178 
361.451 123.946 
356.877 97.4243 360.789 94.3093 
366.566 112.184 371.4 113.463 364.864 116.886 
348.955 174.264 353.171 176.952 
355.262 167.623 356.611 162.809 
365.796 146.162 365.393 151.145 
369.783 139.568 373.942 142.345 368.248 134.81 
331.6 178.068 
309.658 180.114 306.163 176.54 
42.6287 44.0073 39.4104 40.1807 41.174 48.791 
54.8454 62.7185 51.5744 58.9369 54.4325 67.7014 
62.0495 61.2182 66.6669 63.1365 
58.9723 19.8708 59.5532 14.9047 
63.5851 22.8683 68.4982 23.7961 
107.79 12.8327 112.696 11.8662 
99.134 9.93496 103.326 7.20999 
91.197 12.6065 87.421 9.32909 
40.4405 90.6251 40.792 85.6375 35.7314 92.3057 
44.3694 97.0343 40.4018 100.077 47.3301 101.063 
74.5067 101.75 74.0538 106.729 79.4873 102.189 
337.223 69.2782 340.096 65.1859 
328.765 70.3346 325.34 66.6914 
360.789 94.3093 363.334 98.6131 
371.4 113.463 373.309 108.842 376.37 114.007 
364.864 116.886 
353.171 176.952 350.41 181.12 
356.611 162.809 358.868 158.347 
365.393 151.145 370.33 151.938 
373.942 142.345 378.465 140.215 
368.248 134.81 
306.163 176.54 
39.4104 40.1807 35.5926 43.4094 41.9282 35.8609 
41.174 48.791 40.4787 53.7424 
51.5744 58.9369 48.2854 62.7028 
54.4325 67.7014 
66.6669 63.1365 
59.5532 14.9047 63.3396 11.6391 56.8306 10.7109 
68.4982 23.7961 
112.696 11.8662 117.259 13.9112 112.227 6.88822 
103.326 7.20999 
87.421 9.32909 87.3501 4.3296 
40.792 85.6375 41.0243 80.6429 
35.7314 92.3057 
40.4018 100.077 35.6363 101.59 
47.3301 101.063 48.6608 105.883 52.3142 100.665 
74.0538 106.729 69.5617 108.925 77.4396 110.408 
79.4873 102.189 
340.096 65.1859 341.644 60.4318 
325.34 66.6914 320.412 65.8465 326.538 61.8371 
363.334 98.6131 
373.309 108.842 372.665 103.884 
376.37 114.007 377.769 118.807 
350.41 181.12 
358.868 158.347 
370.33 151.938 
378.465 140.215 380.484 144.789 383.001 138.11 
35.5926 43.4094 32.1408 39.792 31.667 46.5061 
41.9282 35.8609 37.5617 33.425 46.6854 34.3216 
40.4787 53.7424 
48.2854 62.7028 
63.3396 11.6391 67.1345 8.38365 
56.8306 10.7109 58.6133 6.03952 51.9152 9.79518 
117.259 13.9112 122.183 13.043 
112.227 6.88822 
87.3501 4.3296 
41.0243 80.6429 36.9545 77.7384 
35.6363 101.59 31.0388 103.556 39.0837 105.212 
48.6608 105.883 48.001 110.839 
52.3142 100.665 55.197 104.75 
69.5617 108.925 
77.4396 110.408 82.2405 109.011 77.1895 115.402 
341.644 60.4318 344.345 56.2239 336.655 60.1012 
320.412 65.8465 318.361 61.2864 317 69.5013 
326.538 61.8371 328.162 57.108 
372.665 103.884 372.339 98.8943 
377.769 118.807 381.803 121.762 
380.484 144.789 381.989 149.557 
383.001 138.11 379.479 134.561 
32.1408 39.792 28.1632 36.7624 
31.667 46.5061 29.3542 50.939 
37.5617 33.425 38.3301 28.4844 
46.6854 34.3216 
67.1345 8.38365 71.9914 9.57146 
58.6133 6.03952 58.3765 1.04513 
51.9152 9.79518 47.0259 8.74895 
122.183 13.043 127.169 13.4163 
36.9545 77.7384 33.193 74.4443 40.7502 74.4838 
31.0388 103.556 30.5248 108.529 26.84 100.841 
39.0837 105.212 
48.001 110.839 
55.197 104.75 
82.2405 109.011 86.3559 111.851 
77.1895 115.402 72.3036 116.464 77.5297 120.39 
344.345 56.2239 348.61 53.6141 
336.655 60.1012 
318.361 61.2864 315.873 56.9493 
317 69.5013 312.53 71.7406 
328.162 57.108 330.225 52.5535 
372.339 98.8943 375.734 95.2231 
381.803 121.762 385.907 118.905 
381.989 149.557 386.848 148.378 
379.479 134.561 
28.1632 36.7624 24.9651 32.9189 31.9276 33.4715 
29.3542 50.939 25.6597 54.3081 
38.3301 28.4844 
71.9914 9.57146 72.0412 14.5712 74.1341 5.05384 
58.3765 1.04513 
47.0259 8.74895 43.7942 4.93369 43.8915 12.6446 
127.169 13.4163 132.153 13.8177 
33.193 74.4443 28.2004 74.1706 
40.7502 74.4838 39.2812 69.7045 
30.5248 108.529 25.7692 110.073 32.8587 112.951 
26.84 100.841 21.8403 100.895 26.8889 95.8411 
86.3559 111.851 
72.3036 116.464 72.4358 121.462 
77.5297 120.39 82.2304 122.094 
348.61 53.6141 346.433 49.1126 352.864 56.2404 
315.873 56.9493 314.487 52.1453 311.45 59.2812 
312.53 71.7406 
330.225 52.5535 332.035 47.8927 
375.734 95.2231 373.9 90.5716 
385.907 118.905 389.74 115.695 388.299 123.296 
386.848 148.378 
24.9651 32.9189 25.5061 27.9483 20.3974 34.9526 
31.9276 33.4715 
25.6597 54.3081 24.1607 59.0782 
72.0412 14.5712 
74.1341 5.05384 
43.7942 4.93369 48.1662 2.50767 39.0525 6.51997 
43.8915 12.6446 45.5847 17.3491 
132.153 13.8177 136.8 11.9738 
28.2004 74.1706 24.3477 77.3575 28.9125 69.2216 
39.2812 69.7045 34.7937 67.4993 
25.7692 110.073 21.6727 112.94 
32.8587 112.951 
21.8403 100.895 18.6724 97.0271 
26.8889 95.8411 
72.4358 121.462 
82.2304 122.094 
346.433 49.1126 350.487 46.1852 344.182 44.6483 
352.864 56.2404 357.429 58.2816 350.293 60.5284 
314.487 52.1453 310.539 49.0771 317.474 48.1354 
311.45 59.2812 306.788 61.0864 
332.035 47.8927 
373.9 90.5716 
389.74 115.695 388.392 110.88 394.582 114.447 
388.299 123.296 393.131 124.58 
25.5061 27.9483 23.5699 23.3384 
20.3974 34.9526 15.482 34.0364 20.9812 39.9184 
24.1607 59.0782 27.8163 62.4894 
48.1662 2.50767 
39.0525 6.51997 34.6387 8.86915 
45.5847 17.3491 
136.8 11.9738 139.187 7.5805 
24.3477 77.3575 26.4344 81.9012 19.3478 77.3967 
28.9125 69.2216 
34.7937 67.4993 
21.6727 112.94 24.3655 117.153 16.6823 112.629 
18.6724 97.0271 14.7756 93.8942 
350.487 46.1852 353.542 42.2269 
344.182 44.6483 341.653 40.335 
357.429 58.2816 362.429 58.3191 
350.293 60.5284 
310.539 49.0771 305.748 47.6479 312.953 44.698 
317.474 48.1354 
306.788 61.0864 302.252 63.19 
388.392 110.88 391.956 107.373 
394.582 114.447 
393.131 124.58 
23.5699 23.3384 20.7408 19.2157 
15.482 34.0364 10.4821 34.0556 
20.9812 39.9184 
27.8163 62.4894 
34.6387 8.86915 
139.187 7.5805 
26.4344 81.9012 
19.3478 77.3967 
24.3655 117.153 27.0714 121.358 
16.6823 112.629 11.9538 114.255 
14.7756 93.8942 10.0177 92.3573 12.7401 98.4612 
353.542 42.2269 358.35 40.8554 
341.653 40.335 341.842 35.3386 337.418 42.9931 
362.429 58.3191 363.183 63.2619 367.4 58.8501 
305.748 47.6479 307.372 42.9191 301.138 49.5829 
312.953 44.698 316.812 41.519 
302.252 63.19 303.961 67.8887 
391.956 107.373 388.479 103.78 
20.7408 19.2157 17.6963 15.2495 25.5672 17.9095 
10.4821 34.0556 8.32861 38.5681 7.60075 29.9692 
27.0714 121.358 29.2779 125.844 22.4431 123.249 
11.9538 114.255 8.10501 111.063 8.43037 117.802 
10.0177 92.3573 6.33211 88.9785 
12.7401 98.4612 
358.35 40.8554 362.238 37.7117 358.538 45.8519 
341.842 35.3386 344.338 31.0061 
337.418 42.9931 
363.183 63.2619 362.08 68.1388 
367.4 58.8501 
307.372 42.9191 306.155 38.0694 
301.138 49.5829 300.797 44.5946 
316.812 41.519 321.703 40.4827 
303.961 67.8887 
388.479 103.78 386.471 99.2013 
17.6963 15.2495 17.2623 10.2684 
25.5672 17.9095 
8.32861 38.5681 6.60869 43.2629 
7.60075 29.9692 5.07746 25.6526 
29.2779 125.844 33.902 127.746 
22.4431 123.249 
8.10501 111.063 3.2668 112.325 
8.43037 117.802 
6.33211 88.9785 10.8144 86.7628 
362.238 37.7117 367.183 36.9719 
358.538 45.8519 
344.338 31.0061 342.584 26.3237 348.809 28.7682 
362.08 68.1388 366.457 70.5558 357.144 67.34 
306.155 38.0694 309.409 34.2729 301.216 37.2938 
300.797 44.5946 
321.703 40.4827 319.385 36.0526 326.283 38.4769 
386.471 99.2013 
17.2623 10.2684 18.8663 5.53267 12.3837 9.17307 
6.60869 43.2629 5.40081 48.1148 11.5929 43.6597 
5.07746 25.6526 9.47855 23.2798 
33.902 127.746 37.8803 124.717 
3.2668 112.325 
10.8144 86.7628 
367.183 36.9719 369.02 32.3215 371.347 39.739 
342.584 26.3237 342.269 21.3337 
348.809 28.7682 
366.457 70.5558 371.262 69.1728 364.245 75.0402 
357.144 67.34 
309.409 34.2729 312.539 30.3738 
301.216 37.2938 302.627 32.4972 
319.385 36.0526 
326.283 38.4769 325.102 33.6185 
18.8663 5.53267 
12.3837 9.17307 10.9363 4.38715 
5.40081 48.1148 1.25107 50.904 
11.5929 43.6597 
9.47855 23.2798 
37.8803 124.717 42.8232 125.471 
369.02 32.3215 366.746 27.8684 
371.347 39.739 375.895 41.8164 
342.269 21.3337 
371.262 69.1728 375.049 72.4375 
364.245 75.0402 360.772 78.6369 
312.539 30.3738 315.572 26.3988 
302.627 32.4972 
325.102 33.6185 
10.9363 4.38715 
1.25107 50.904 
42.8232 125.471 46.3428 129.022 
366.746 27.8684 362.439 25.3287 
375.895 41.8164 377.368 46.5945 379.855 38.7634 
375.049 72.4375 379.168 75.272 
360.772 78.6369 363.678 82.7058 
315.572 26.3988 311.52 23.4691 319.992 24.0606 
46.3428 129.022 
362.439 25.3287 361.011 20.537 
377.368 46.5945 381.614 49.2358 
379.855 38.7634 
379.168 75.272 383.126 78.3267 
363.678 82.7058 
311.52 23.4691 308.396 19.5655 
319.992 24.0606 321.916 19.4457 
361.011 20.537 365.106 17.668 
381.614 49.2358 386.358 47.6583 382.058 54.216 
383.126 78.3267 384.963 82.9769 
308.396 19.5655 304.636 16.2695 
321.916 19.4457 326.633 17.7865 320.657 14.6068 
365.106 17.668 369.707 15.7111 362.928 13.1671 
386.358 47.6583 389.522 51.5298 387.02 42.7023 
382.058 54.216 
384.963 82.9769 389.123 80.2023 386.756 87.6446 380.282 84.7337 
304.636 16.2695 300.44 13.5505 
326.633 17.7865 331.504 16.6601 326.041 22.7513 
320.657 14.6068 318.888 9.93012 316.221 16.9137 
369.707 15.7111 374.309 13.7562 
362.928 13.1671 361.463 8.38639 
389.522 51.5298 391.983 55.8827 
387.02 42.7023 
389.123 80.2023 392.854 83.5304 
386.756 87.6446 
380.282 84.7337 
300.44 13.5505 295.553 12.4948 300.526 8.55119 
331.504 16.6601 335.879 14.2385 332.85 21.4756 
326.041 22.7513 
318.888 9.93012 316.186 5.72345 
316.221 16.9137 
374.309 13.7562 378.68 11.3293 376.903 18.0306 
361.463 8.38639 356.68 9.84129 
391.983 55.8827 395.523 52.3522 
392.854 83.5304 
295.553 12.4948 291.014 10.3983 
300.526 8.55119 
335.879 14.2385 339.879 11.2393 
332.85 21.4756 334.314 26.2566 
316.186 5.72345 
378.68 11.3293 383.65 10.7771 378.348 6.34035 
376.903 18.0306 381.573 19.8165 
356.68 9.84129 355.931 14.7849 352.95 6.51117 
395.523 52.3522 
291.014 10.3983 286.084 11.2373 
339.879 11.2393 
334.314 26.2566 
383.65 10.7771 388.104 8.50553 386.06 15.1578 
378.348 6.34035 
381.573 19.8165 384.897 23.552 
355.931 14.7849 350.985 15.5224 
352.95 6.51117 
286.084 11.2373 281.155 12.0767 
388.104 8.50553 390.338 4.0327 
386.06 15.1578 391.035 15.6528 
384.897 23.552 384.047 28.4793 
350.985 15.5224 
281.155 12.0767 280.637 7.10365 
390.338 4.0327 
391.035 15.6528 
384.047 28.4793 388.83 29.9373 384.987 33.39 
280.637 7.10365 275.641 6.89117 
388.83 29.9373 393.035 32.6416 
384.987 33.39 
275.641 6.89117 270.814 8.1931 
393.035 32.6416 
270.814 8.1931 266.127 9.93553 268.644 3.68867 
266.127 9.93553 261.128 10.0391 267.639 14.7016 
268.644 3.68867 
261.128 10.0391 256.218 9.0939 
267.639 14.7016 
256.218 9.0939 251.286 8.27302 
251.286 8.27302 247.582 11.6315 251.96 3.31855 
247.582 11.6315 242.868 9.96603 
251.96 3.31855 
242.868 9.96603 237.956 9.03035 
237.956 9.03035 237.324 13.9903 235.474 4.68993 
237.324 13.9903 232.334 13.6789 
235.474 4.68993 
232.334 13.6789 227.888 11.3913 
227.888 11.3913 222.999 12.439 
222.999 12.439 
