139 5
139.187 7.5805
136.8 11.9738
132.153 13.8177
127.169 13.4163
122.183 13.043
117.259 13.9112
112.696 11.8662
107.79 12.8327
102.814 13.3198
98.486 15.8235
99.5131 20.7169
99.1486 25.7036
96.204 29.7445
91.8995 32.2885
89.5543 36.7044
84.9896 38.7448
83.1764 43.4044
87.6068 45.722
91.8892 48.3029
95.8335 51.3757
98.7424 55.4424
99.1168 60.4284
99.9995 65.3499
102.655 69.5864
107.577 70.4665
112.413 71.7358
116.411 68.7326
121.384 69.2497
125.096 72.5995
129.66 74.6414
132.884 78.463
136.883 81.4651
140.927 84.4045
143.806 88.4927
148.399 90.4697
152.594 93.1898
156.976 95.598
160.07 99.5253
164.125 102.451
166.831 106.655
166.618 111.651
164.203 116.029
168.211 119.018
166.254 123.619
164.547 128.319
168.513 131.364
168.989 136.341
171.941 140.376
176.035 143.247
179.03 147.251
178.756 152.243
182.436 155.628
186.234 158.88
187.018 163.819
185.683 168.637
184.223 173.419
185.527 178.246
188.308 182.401
184.688 185.851
182.244 190.213
181.09 195.078
181.519 200.059
179.509 204.638
175.979 208.178
172.356 211.625
167.407 212.337
162.58 213.64
158.504 216.535
153.509 216.766
149.111 219.145
148.242 224.069
145.244 228.071
144.621 233.032
139.621 233.07
134.828 234.493
130.402 236.819
126.577 240.039
122.737 243.242
117.817 244.132
113.603 246.823
112.18 251.616
109.984 256.108
109.162 261.04
109.34 266.037
105.952 269.714
105.558 274.699
101.653 277.821
97.8201 281.032
95.9726 285.678
97.9286 290.279
98.4245 295.255
100 300
